287.388
164.564
173.695
151.639
204.952
252.194
124.999
115.562
232.097
249.923

103.165
90.7353
88.191
93.0323
171.686
96.6044
246.103
166.668
209.319
61.112

26.264
14.0045
5.99164
24.8207
79.8003
35.9025
7.43591
95.8237
81.7291
22.4949

107.757
116.23
53.4578
179.641
121.88
243.134
32.308
106.163
46.4853
209.437

30.1338
11.5359
10.8666
27.3862
17.8471
32.6155
20.0787
14.9479
12.855
34.8659

62.1251
832.88
45.1464
71.7024
45.0144
312.673
89.9549
66.2197
132.012
102.379

3.34329
10.6796
6.32026
21.1791
10.5187
17.8814
19.1202
11.884
24.1288
28.0425

7.85862
0.0308798
0.539551
0.696047
0.0942511
0.89305
0.751508
0.858941
4.09991
1.40653

1.30517e-34
7.05358e-34
8.88056e-35
1.34783e-35
1.55758e-22
2.66473e-26
4.33937e-35
8.87129e-36
2.57251e-35
1.50068e-34

3.77391e-20
5.29968e-20
3.60614e-19
6.71963e-20
3.68494e-19
1.4973e-19
1.50544e-19
1.02785e-19
4.59606e-20
9.17715e-20

