609.716
694.252
827.578
304.72
802.47
532.227
469.056
579.909
562.908
339.838

117.674
308.883
358.018
441.326
250.964
239.346
383.057
169.175
263.308
526.106

30.5222
47.8892
25.7429
130.596
31.9851
47.2619
45.4893
48.4151
58.7892
21.0527

67.5067
86.644
64.6238
62.4292
161.853
25.6764
48.7668
39.5806
74.693
59.7906

12.8557
21.1593
17.0615
23.6038
27.7977
6.04085
7.42519
10.1191
19.6348
8.57233

30.4867
26.7068
37.232
22.0752
91.7927
29.8747
68.1028
30.7501
41.1949
44.4534

11.3969
11.3141
22.2771
5.26638
11.4177
11.0753
8.5026
18.5397
22.4165
20.1198

0.0154974
0.0270482
0.377708
0.0761235
0.087733
5.29485
4.4193e-05
7.51475
0.00647574
0.155321

3.7391e-11
2.4185e-39
7.97496e-39
6.21642e-39
1.9305e-38
4.06242e-38
3.54349e-38
5.99666e-39
1.78322e-38
5.59964e-39

7.03445e-23
1.51617e-22
3.26778e-23
5.87496e-22
3.01837e-23
1.02034e-22
1.06605e-22
1.19121e-22
2.08249e-22
4.89531e-23