0.000100219702289905
0.155311033129692
1.57161843776703
0.0265400316566229
0.0454514026641846
0.0209072213619947
0.0250695962458849
0.0216081961989403
0.00276531581766903
0.0419136248528957

1.40129846432482e-45
0
1.40129846432482e-45
0
1.40129846432482e-45
0
0
4.20389539297445e-45
1.40129846432482e-45
0

3.22298646794708e-44
0
1.40129846432482e-45
1.40129846432482e-45
5.60519385729927e-45
2.94272677508212e-44
1.82168800362226e-44
1.68155815718978e-44
4.06376554654197e-44
7.00649232162409e-45

1.7880300283432
1.27929186820984
0.748686611652374
4.49233198165894
0.971534550189972
4.8101019859314
0.21475838124752
0.927817225456238
0.334599077701569
6.78392648696899

1.00376955964738e-29
1.31925484138972e-31
9.34132211657779e-32
1.09452291451392e-30
3.1796879744033e-33
1.08492403923409e-31
1.3630455324409e-31
3.65021147360419e-32
1.81638062846567e-15
8.04712987269252e-32

0.35874992609024
0.873009204864502
0.310002088546753
1.10587906837463
0.193701833486557
0.452080994844437
1.13146543502808
0.600218892097473
3.26558637619019
0.539425313472748

1.88245422805267e-07
4.39454896083991e-11
6.30425170229177e-20
3.4464092859763e-23
1.06862015769654e-18
3.58926042408723e-17
1.12031504949719e-13
1.15768644670666e-10
2.98305183451999e-15
6.22959149543245e-13

1.60147731306993e-37
1.44716284466995e-06
1.91721575307793e-37
9.70377886808278e-38
8.09770697760802e-38
1.33005308728223e-37
1.79969304356002e-36
1.86800562623104e-37
8.85839994320084e-37
3.69310921078218e-38

6.19519226657372e-30
4.88756595602974e-30
3.09397128486712e-30
2.24786700210569e-30
4.03787726185424e-30
3.82373341226438e-30
5.69384373786892e-30
8.88527215605763e-31
4.06559259746019e-30
1.18497451527862e-29

1.69541650484215e-24
2.67499498630734e-24
1.24148118946708e-24
3.59109954997095e-24
1.16570311230394e-24
2.81442437636811e-24
4.20758340195611e-25
1.4830314833295e-24
1.15052138557534e-24
6.21021922253864e-25

1.27939699539339e-27
6.49110464238532e-17
7.72774119001118e-12
1.90209436742861e-12
1.34432425350801e-17
2.70143010845864e-15
7.6854092115335e-23
2.44775242284369e-15
1.62242740536821e-14
5.87506499138556e-16

1.68155815718978e-44
2.66246708221715e-44
3.22298646794708e-44
2.38220738935219e-44
8.26766093951642e-44
1.12103877145985e-44
2.38220738935219e-44
2.52233723578467e-44
5.18480431800182e-44
1.96181785005474e-44

0
0
0
0
0
0
1.40129846432482e-45
1.40129846432482e-45
0
1.40129846432482e-45

4.42528058641756e-09
1.18463616693987e-09
3.74513652512051e-13
1.11002819349476e-12
2.5063176534168e-10
1.02966344218275e-12
6.86947200512211e-12
3.08419002142957e-12
1.00147869164235e-10
9.07585534504207e-11

8.2002756699113e-26
4.49939653637454e-22
1.30553846990806e-24
4.96045055622415e-25
1.37253061490228e-26
4.21148414163873e-23
1.67982742217502e-22
1.83116543969772e-25
5.68402089558648e-24
1.57840756187285e-28

1.79362247276771e-10
4.9469646044506e-13
1.06176057529384e-11
1.26458888391294e-13
5.45941764018565e-13
1.70339280874954e-11
3.80076560502207e-11
9.82016468142888e-10
5.9828580978305e-10
1.2248928260572e-10

7.7182786042223e-29
2.98569485599015e-33
3.17093482957867e-22
8.60422054540602e-19
9.57773916918014e-28
7.20846895694667e-25
3.88386933463133e-33
6.74434227358133e-26
3.34871552873933e-25
2.51420675053309e-29

1.55558142524698e-41
1.12103877145985e-43
0
0
1.57488991678691e-39
0
9.51792745535631e-40
0
0
9.96603138941939e-33

0
0
0
0
0
0
0
0
0
0

0
0
0
0
0
0
0
0
0
0

195.705200195312
1.91508996486664
55.5835151672363
1.33645737171173
238.797378540039
19.6201934814453
94.1261978149414
11.3795604705811
11.9347562789917
44.1714973449707

0
0
0
0
0
0
0
0
0
0

7.55299872271076e-43
8.49326999227272e-42
1.08040111599443e-42
7.60064287049781e-42
4.90454462513686e-43
5.28289521050456e-43
3.93764868475274e-43
2.56633800756447e-41
7.76319349235949e-43
4.02312789107655e-42

113.063537597656
91.3579864501953
70.6736679077148
538.066345214844
246.448959350586
581.775207519531
84.7256011962891
483.731658935547
80.2454528808594
54.2198333740234

8.58615981320841e-30
9.1333029687139e-30
1.09804134778107e-29
1.53365818841049e-29
1.14108385078389e-29
1.92242279586585e-29
1.73165380754774e-28
5.43498008085061e-28
3.1215727724346e-28
4.64382394861838e-28

131.705291748047
63.9051475524902
484.210418701172
36.7099571228027
265.187408447266
306.837158203125
244.732864379883
228.669387817383
209.399124145508
86.2879104614258

3.35142952674428e-20
7.54043529005433e-12
3.6459876784356e-11
6.71758371151299e-10
7.23295170246274e-06
1.30182342683582e-09
8.17461742741443e-09
1.98087154263794e-24
1.08432092650471e-14
2.74439867213698e-21

5.15840785480028e-35
1.01671185416234e-35
3.54783193546434e-35
1.73150389622604e-35
2.46127854075551e-35
1.22135513219507e-35
5.63888708114945e-36
9.79617645828384e-30
3.68419078683583e-36
2.44408406601548e-36

1.55614600246104e-27
3.28531124370527e-28
7.64720528926084e-28
6.30982990622863e-28
1.76359920753529e-28
3.22005303346965e-28
7.55910603136728e-28
2.74823197493886e-28
1.00911304625956e-27
1.75713393293436e-27

1.92294867336562e-22
1.81971543230026e-22
1.42390605082743e-22
2.13694593724192e-22
2.22743143851439e-22
8.58180069337827e-23
1.69803811839986e-22
1.1662433794721e-22
1.20839821298093e-22
1.88520275190162e-22

7.54315042495728
0.51644229888916
1.78952395915985
0.0239966250956059
0.0368036031723022
0.00219009281136096
3.20919179916382
0.0109399752691388
0.801354050636292
2.62387847900391

2.42584333931059e-28
5.09775600686073e-28
4.02256288383591e-29
4.26211486514366e-29
4.10543504748979e-29
4.43693622064993e-28
5.38294109264141e-29
1.55133319982652e-27
3.7511465119689e-28
2.3701129452511e-28

4.0841474764954e-23
1.1649920567498e-22
2.41535972092684e-23
5.26945516280066e-23
1.17680226691126e-23
3.98022294084158e-23
6.2157443057112e-23
7.37444213596155e-23
2.73381103545099e-23
2.04757399202326e-23

0.979757308959961
0.67893785238266
1.00543630123138
0.0902406424283981
0.372567892074585
0.278736621141434
2.08197331428528
1.12865352630615
0.58253401517868
0.486135214567184

8.63261357369864e-16
2.97864985723267e-16
6.8106552332753e-16
4.50725871810478e-16
1.07879640821613e-15
5.37611758682745e-16
7.05169010511953e-16
8.43882831723462e-16
7.50437098191183e-16
7.37320369486477e-16

0.227754518389702
0.549514651298523
0.759335696697235
0.499935656785965
0.334021598100662
0.589535415172577
0.51146799325943
0.330272853374481
0.883802592754364
0.383246213197708

2.40404267673466e-13
1.1082211130763e-13
3.82445709487273e-14
2.07550024665685e-14
4.32446538702145e-14
1.32700423457859e-13
2.11364823890893e-14
2.6428747631666e-14
2.90492049902571e-14
3.12749975114705e-14

4.19586557923956e-21
8.97215264675636e-21
5.6760346034661e-21
4.50822077232566e-21
2.28541440636592e-21
2.14611484861065e-21
4.67810177893839e-21
3.93144606810641e-21
6.43781220987132e-21
4.78370220856458e-21

1.27824961211648e-16
2.34603880071326e-16
1.50572653049983e-16
2.2651519188108e-16
1.96576719716148e-16
3.09340905730023e-16
1.60921331022622e-16
3.50183299199409e-16
1.43968787146495e-16
1.50603000652296e-16

2.33643725026933e-13
3.74655249315778e-13
1.35112353163297e-13
3.96887031703028e-13
2.28190459149874e-13
3.34956265198375e-13
4.70831652745612e-13
2.86012777047165e-13
2.32394127813035e-13
1.96321881277758e-13

0.00150413706433028
0.00280100642703474
0.0966177955269814
0.00386553769931197
9.72513807937503e-05
0.0229889787733555
0.0138824945315719
0.0730145126581192
0.27802050113678
0.250571370124817

1.40129846432482e-45
0
4.20389539297445e-45
0
0
1.40129846432482e-45
0
0
0
0

0
0
0
0
0
0
0
0
0
0

0.067889004945755
0.0802863538265228
0.0618965961039066
0.024670148268342
0.158555641770363
0.0518455542623997
0.0313240364193916
0.175386741757393
0.110817074775696
0.0660459473729134

3.16335154166275e-33
1.02819621000606e-31
1.60509878146845e-33
1.97887035285743e-34
4.55083375025364e-31
8.9740154970454e-16
3.0683956590163e-33
1.67461604800815e-33
3.26546335637242e-32
1.95673146988161e-30

0.0453744828701019
0.0537594929337502
0.0289082862436771
0.0744256675243378
0.0216606222093105
0.0866909101605415
0.0479777380824089
0.167460411787033
0.0494221970438957
0.137634679675102

5.34424258449472e-22
2.3949090865831e-14
7.10311506353412e-16
4.81093670565659e-17
1.14233917464235e-11
5.99384908026024e-14
3.7049736108935e-14
1.0893597655881e-11
1.54380508377017e-08
2.47781889220225e-28

6.03373474976369e-39
7.94448928377844e-39
6.85490826154421e-39
1.15782061407084e-38
1.8125676525672e-38
1.67751260852327e-39
1.59465242902928e-38
5.72499646820825e-39
3.27442673327398e-39
1.81758219912179e-39

2.19029063052558e-31
3.86331508122323e-31
2.49414933744478e-31
2.93214135374761e-31
9.3485438836715e-31
3.30540735970997e-31
2.16618594336762e-31
1.39656980848031e-31
3.47335611508371e-31
1.23692157136603e-31

3.66180604037443e-26
2.71466358415752e-26
1.43242472505679e-25
6.31813859912031e-26
4.55881638606454e-26
1.13434611318853e-25
1.07675643213852e-25
4.42483390799099e-26
1.47388281689262e-25
6.66806558702228e-26

1.88676746993854
2.12285717635944
2.24916371017291
3.4647684922774
2.04774387985065
2.11713322311237
2.04453571945026
2.51229199081256
1.75135334640338
2.33708676009967

1.71828945785358
1.71828945785358
1.71830090194537
1.71828755050494
1.71828755050494
1.71828564315631
1.71829517989947
1.71828564315631
1.71829136520221
1.71829517989947

1.71828564315631
1.71828564315631
1.71828564315631
1.71828564315631
1.71828564315631
1.71828564315631
1.71828564315631
1.71828564315631
1.71828564315631
1.71828564315631

2.42923077255084
4.16975506454303
2.75628765731647
3.0602389207442
3.90709980636432
3.23964222579791
2.85059269576862
2.3788596025069
2.7097636094649
3.30215748458697

1.71828755050494
1.71828945785358
1.71828755050494
1.71828755050494
1.71828564315631
1.71828945785358
1.71828945785358
1.71828755050494
1.71828945785358
1.71829517989947

2.92878826766803
3.56593426376178
2.86750515609576
3.23024471908405
2.67447003036334
2.38681896835162
2.5501070848067
2.56142910629108
2.47276219039752
3.18277462631061

1.71829327255084
1.71865757613971
1.71829136520221
1.71830471664264
1.71829136520221
1.71829708724811
1.71939953475787
1.7183256974776
1.71829327255084
1.71828945785358

1.71828564315631
1.71828564315631
1.71828564315631
1.71828564315631
1.71828564315631
1.71828564315631
1.71828564315631
1.71828564315631
1.71828564315631
1.71828373580768

1.71828564315631
1.71828564315631
1.71828373580768
1.71828564315631
1.71828564315631
1.71828564315631
1.71828564315631
1.71828564315631
1.71828564315631
1.71828564315631

1.71828755050494
1.71828755050494
1.71828755050494
1.71828564315631
1.71828755050494
1.71828564315631
1.71828755050494
1.71828755050494
1.71828564315631
1.71828564315631

16.1557006835938
53.7358245849609
14.9476623535156
14.0495910644531
41.8293762207031
19.9286499023438
13.9556884765625
20.89697265625
29.8586120605469
9.09860229492188

3.97988891601562
5.96981811523438
2.98492431640625
1.98992919921875
7.95986938476562
2.98495483398438
6.9647216796875
4.97491455078125
10.944580078125
5.969970703125

0
0.994964599609375
0
1.99008178710938
0.994964599609375
0.994964599609375
0
0.99505615234375
1.98992919921875
0.994964599609375

15.1910705566406
13.4526977539062
15.3861999511719
13.6867980957031
15.233642578125
15.2016296386719
10.6443481445312
14.7376098632812
13.958251953125
15.3190002441406

12.9092712402344
13.6899719238281
14.7890014648438
13.8382873535156
12.3905334472656
13.9355163574219
9.65371704101562
13.3372802734375
12.1931762695312
10.3772888183594

12.0675354003906
9.7572021484375
10.6608581542969
6.707763671875
8.92880249023438
9.15090942382812
6.994384765625
8.59255981445312
7.53170776367188
9.2259521484375

11.8290100097656
14.0225219726562
12.4053649902344
12.1573181152344
7.17709350585938
12.1667785644531
10.5010375976562
11.2317504882812
9.78036499023438
11.1455383300781

0
0
0
0
0
0
0.994964599609375
0
0
0

0
0
0
0
0
0
0
0
0
0

0.05413818359375
0.02301025390625
0.011505126953125
0.0064697265625
0.001129150390625
0.028350830078125
0.124267578125
0.027069091796875
0.12445068359375
0.05126953125

0.0303325025421617
0.133898368153439
0.229269613577731
0.367450050761005
1.83472675000437
1.15657289513022
0.541728611545988
1.11516914728318
0.213043242754928
0.146242658145839

4.73684605202608e-42
1.43332257594995e-37
1.15726052946897e-38
1.59433956615179e-38
7.160441668093e-41
3.88458220218278e-41
3.84491066621608e-38
8.2483646196379e-40
7.08992231859088e-42
1.19004732945799e-41

9.93291970661367e-37
6.29346951967707e-37
1.36262297484716e-35
1.36636301995586e-35
3.08880694529238e-36
1.54526884324797e-36
9.50905743369074e-37
6.05511815615978e-37
8.86008380433789e-37
4.73952881115034e-37

0.0409447211210143
3.92546158169346
0.501353819046538
1.28818583950928
0.645146639559211
3.09895792372304
1.0479758272524
0.932033732220545
0.738197253703857
2.10171788912245

1.02722223864813e-26
1.55114181504714e-22
7.21451764051071e-21
5.33861287811672e-28
4.79962227733352e-21
9.49507972624258e-19
4.93639782841062e-29
1.55620917437307e-26
1.51371240140316e-11
1.39218343654069e-23

0.607955670789977
0.933312404890849
1.89421701493934
1.1401476403891
0.290982591281124
0.39175408554984
0.29875960588047
0.586756857964999
0.400900246811508
0.479204579448429

4.26839416951954e-07
2.5633621684462e-09
3.27976751956775e-06
0.0002739126699285
1.3777756571601e-07
1.54377252830822e-06
2.52780891139598e-07
1.34268325211451e-08
2.35777306557168e-10
1.39715587186998e-09

7.19800305699465e-29
2.3846448818367e-29
6.12131855348625e-29
5.87237728430207e-29
1.49615731305944e-12
1.57593995727124e-28
8.25824010631844e-29
2.31318946677948e-29
2.9581414028522e-29
5.16854950646802e-29

4.11881860805481e-23
7.98564730819072e-22
1.05120088383128e-22
1.44370003344104e-22
1.94120938468035e-22
8.71708740748304e-23
1.48351317705085e-22
3.32080454941251e-22
9.74523385057869e-23
5.8174011899945e-22

3.92658147221958e-18
1.85696784225108e-17
2.6459440241066e-18
5.44070412585553e-18
2.64414080593182e-18
5.57958217836167e-18
1.55806867821493e-17
3.08785423321104e-18
1.92977163959577e-18
6.55533543567139e-18

0.395898938179016
0.0651198029518127
0.752941489219666
0.563788235187531
1.28784108161926
0.470265030860901
1.03639721870422
1.15168166160583
1.19345998764038
1.11749160289764

0.0245736241340637
0.0270932912826538
0.00739610195159912
0.00739598274230957
0.0270932912826538
0.0538668632507324
1.78813934326172e-07
4.17232513427734e-07
0.0417383909225464
0.0123209357261658

0
0
0.0147797465324402
0
0
0
0
0.00985723733901978
0
0.00985723733901978

1.36426532268524
1.27376008033752
1.31533694267273
1.11289083957672
1.0457878112793
1.38051748275757
1.10607266426086
1.09839534759521
2.34254503250122
1.22509360313416

2.98023223876953e-07
0
2.98023223876953e-07
3.12924385070801e-05
0
1.26957893371582e-05
0
5.96046447753906e-08
5.96046447753906e-08
1.66893005371094e-06

1.35030746459961
1.38686680793762
1.17492258548737
1.47246599197388
1.17072343826294
1.08881878852844
1.1464968919754
1.11760926246643
1.5124294757843
1.4391405582428

0
0
0
4.11272048950195e-06
0
0
2.98023223876953e-07
0
0
7.74860382080078e-07

0
0
0
0
0
0
0
0
0
0

0
0
0
0
0
0
0
0
0
0

0
0
0
0
0
0
0
0
0
0

9.57822704315186
10.2747488021851
11.2741842269897
11.5052471160889
11.7039880752563
8.43905544281006
10.8409090042114
8.89090347290039
10.3075160980225
8.93319320678711

10.8413505554199
9.978271484375
9.26497840881348
9.95417976379395
9.49703598022461
9.18064403533936
9.58455085754395
11.4220838546753
10.9281673431396
10.3989791870117

10.1793193817139
10.4297895431519
9.13540744781494
9.96707344055176
10.5383930206299
9.7318000793457
10.2195720672607
10.3206768035889
9.73807239532471
11.1574420928955

10.348445892334
9.02335262298584
8.41699886322021
9.11761379241943
8.86254405975342
9.50210571289062
9.9412899017334
8.9878625869751
10.2415637969971
8.84623432159424

8.32597827911377
11.6512565612793
10.5347146987915
11.0062103271484
10.1768922805786
10.7875947952271
9.89830017089844
10.1022872924805
11.7892942428589
10.2120065689087

8.33557224273682
7.7437596321106
8.77662181854248
8.56122779846191
8.32456684112549
8.01741981506348
7.73664999008179
8.40679931640625
8.51609802246094
8.90918350219727

8.47541999816895
7.57529640197754
8.43030548095703
8.26477813720703
7.88773965835571
8.47465133666992
8.02674674987793
7.20700359344482
8.25336074829102
8.22672176361084

8.23477268218994
8.62603855133057
9.24724674224854
9.42695236206055
9.19010162353516
9.33780002593994
9.05492401123047
9.73857116699219
9.10623931884766
9.31531429290771

9.73813915252686
9.88268089294434
8.85924911499023
10.2168436050415
10.0752353668213
10.0249128341675
9.87486839294434
9.89656734466553
9.18696880340576
9.96036338806152

10.2843627929688
10.3870334625244
10.2556428909302
9.65656757354736
10.5377359390259
10.7039203643799
9.94727420806885
10.6814098358154
10.2194948196411
10.268009185791

