620.13615
225.40176
48.121155
73.526951
24.322228
50.077227
11.310545
3.2381837
4.1781138e-38
2.7347501e-22
0.0025981977
6.2605939e-05
9.2189246e-07
9.8774541e-07
1.8857531e-08
3.6694709e-06
3.1190986e-09
1.449844e-06
3.8225789e-11
5.3240681e-32
89308.38
42317.418
8245.3653
10940.655
3567.1876
7351.7163
1474.1384
279.76081
6.0835682e-07
2.8880778e-20
72.05564
47.934808
11.308654
18.84511
4.9889426
14.554119
3.6466974
0.025876117
3.4913929e-20
9.5442403e-11
45.028658
18.306415
2.6393984
6.9734851
2.0684434
3.9180126
1.0207946
0.11575732
7.9209686e-13
3.0460103e-23
16.853841
13.589745
8.0443742
10.185739
6.4728442
7.9439012
5.3089915
2.7733817
1.7182843
1.7182839
177.45591
108.1606
80.60551
33.062955
137.4154
78.500809
133.2996
14.620755
147.92091
176.7131
227.672
126.07643
42.702283
107.72114
16.087963
63.588002
14.662275
1.1833021
0.00083851394
7.4604805e-20
156.28591
56.087057
10.332447
24.151779
7.000806
12.614773
4.036298
0.98675457
0.00098735094
1.4821969e-323
23.978483
13.384525
12.0341
9.1434494
10.037043
8.2158269
8.337288
8.818204
9.4818526
9.9500977
