0.076079689
0.018284166
0.013498156
0.2235166
0.20981421
0.018815178
0.070886075
0.040076382
0.033554543
2.9922929

7.0064923e-45
0
2.8025969e-45
1.4012985e-45
0
1.4012985e-45
0
4.2038954e-45
1.4012985e-45
0

2.8025969e-45
1.4012985e-45
0
1.1210388e-44
0
4.2038954e-45
2.3822074e-44
0
1.4012985e-45
6.5861028e-44

3.6514559
0.33654937
1.6389754
2.5968924
1.7570788
2.3366003
0.52901518
0.53052807
0.77088314
0.86028373

5.5557376e-30
2.8101982e-17
4.3583721e-27
6.3409491e-30
4.0647419e-33
1.419475e-16
5.8860981e-18
3.6638617e-28
5.3265109e-27
4.1513337e-18

0.51570845
1.4920455
0.39274025
0.6465767
0.58100283
0.26200274
1.0196936
1.7707217
0.46427593
0.42631334

2.9506831e-20
2.2299332e-13
3.1462571e-12
1.8487861e-05
4.0591996e-09
6.8094641e-16
1.4803853e-20
8.6468564e-16
6.6050271e-10
5.2563336e-09

8.8070218e-38
2.0649366e-37
1.3190968e-37
2.4192496e-38
2.8073347e-37
6.9197822e-38
7.0151002e-38
8.2017921e-38
5.5412807e-37
2.1720662e-37

1.9150262e-30
2.8251547e-30
1.7963364e-29
9.2889038e-30
2.9851576e-30
3.5244319e-30
5.8655618e-30
4.6473506e-30
1.6019863e-30
1.2184023e-29

1.1074886e-24
1.1416182e-24
3.0621567e-24
8.0168009e-25
1.0871206e-24
7.6084594e-25
9.3708363e-25
7.3856575e-25
2.089572e-24
9.2334019e-25

3.611413e-17
1.4759659e-16
1.228797e-14
2.5295053e-18
7.3806589e-15
3.5099971e-21
4.4841643e-12
1.2944267e-14
5.9145473e-16
6.8524034e-15

3.643376e-44
2.1019477e-44
1.821688e-44
1.821688e-44
1.2611686e-44
3.5032462e-44
1.1210388e-44
4.2038954e-45
1.9618179e-44
5.6051939e-45

0
0
0
0
0
0
0
0
0
0

3.8933242e-13
1.3294951e-12
7.1811494e-11
5.5738173e-14
7.1983301e-11
3.5689084e-11
5.0960096e-12
9.5145951e-13
1.6869309e-10
3.3779538e-11

2.512027e-28
1.3436991e-19
7.9545712e-24
4.681871e-26
3.6670769e-25
7.483334e-22
2.9454254e-25
2.9810022e-23
2.4151049e-23
3.2571713e-23

5.4683671e-09
1.7783123e-07
1.9253924e-12
2.0056255e-08
7.7054189e-11
3.6769606e-12
4.3118006e-11
7.6015506e-15
2.3981794e-10
3.5744838e-11

5.221037e-27
6.4677533e-28
1.8795016e-29
1.5370365e-24
4.5641048e-26
8.2653835e-29
1.3366935e-25
6.5077218e-24
3.1093203e-27
2.4518722e-24

6.5300508e-43
7.7037652e-35
0
1.8919491e-40
0
0
3.3960747e-27
0
0
0

0
0
0
0
0
0
0
0
0
0

0
0
0
0
0
0
0
0
0
0

142.89684
12.328287
11.713042
103.56356
0.017701305
1.3549125
38.112698
0.82709318
41.598625
5.0507445

0
0
0
0
3.5032462e-44
0
0
0
4.3440252e-44
0

3.5873241e-43
4.3440252e-43
8.0574662e-43
4.1506461e-42
4.8204667e-43
1.7123867e-42
9.7670503e-43
8.7721284e-43
2.2064846e-41
3.8255448e-43

135.3192
73.355034
16.613911
402.29742
391.59125
543.05212
174.80389
639.21875
619.55347
304.00156

4.8620472e-19
4.7887435e-19
1.013046e-29
1.6319724e-29
1.1087127e-28
2.323031e-22
1.0924022e-29
1.9533259e-24
4.4052803e-25
4.2676691e-29

24.644547
148.82852
166.49738
47.269852
74.141075
72.115471
64.788124
176.54543
29.158058
225.13655

1.3664171e-23
6.3398424e-05
2.6902616e-09
7.6275002e-12
1.667661e-07
3.0462419e-10
6.6866264e-08
6.0177503e-09
2.2980904e-15
3.7036181e-12

6.3802776e-36
2.2338195e-35
1.7513097e-35
1.4325851e-35
4.2841572e-35
4.083379e-35
1.3368852e-35
1.4070896e-35
3.3406381e-35
3.1160211e-35

1.4335582e-27
1.5882763e-28
7.3214482e-28
4.3326847e-28
8.1399275e-28
1.3949952e-27
6.7938017e-28
3.056205e-28
7.6459111e-28
3.3495988e-28

3.4200728e-22
1.443365e-22
5.0084968e-22
2.358189e-22
2.1258595e-22
8.1125553e-23
1.6648527e-22
2.3465621e-22
2.2913494e-22
1.3787971e-22

1.4646168
1.2601088
1.3650514
0.51780075
0.14983581
0.0067143566
0.12236493
0.55561048
0.0022538879
0.060966901

8.5412692e-28
6.8580887e-28
2.8217699e-29
1.3844364e-27
1.5879884e-27
5.0778553e-27
4.4991765e-28
7.3727981e-29
3.0196615e-28
2.1562257e-28

4.1521063e-23
2.0154833e-23
2.9851847e-23
2.8203276e-23
2.4474231e-23
3.0039921e-23
4.4020578e-23
1.3997561e-22
2.2779638e-23
6.0830377e-23

0.70183688
2.1726801
0.92823029
1.4698296
1.4189519
1.2998867
1.404758
0.62131804
0.38428742
1.2467865

3.3085295e-16
4.27801e-16
1.9984308e-16
1.1157346e-16
2.30563e-16
1.5699259e-16
3.6271671e-16
5.305286e-16
2.0290988e-16
4.1797693e-16

0.49970055
1.0351692
0.33643535
0.20342182
0.23164588
0.35164854
0.85923243
0.27186817
0.6316694
1.0272021

1.3606867e-13
5.4713873e-14
5.7325984e-14
8.3967474e-14
4.1789841e-14
7.1385389e-14
1.5152609e-13
3.0081772e-14
5.5618772e-14
1.1986999e-13

7.3267151e-21
3.3567783e-21
6.4277851e-21
4.1003468e-21
3.7498896e-21
7.6906697e-21
4.6859846e-21
5.6014102e-21
4.3922273e-21
4.1852532e-21

3.6288289e-16
2.3008758e-16
1.4047239e-16
3.2225747e-16
1.7711571e-16
1.6300207e-16
3.5278094e-16
1.3524314e-16
1.7327042e-16
2.4014025e-16

4.4182106e-13
3.0466794e-13
2.7030334e-13
3.1738121e-13
4.1111475e-13
2.3542163e-13
2.8417497e-13
4.4991834e-13
3.2358301e-13
1.636796e-13

0.011640586
0.046324886
0.0026191252
0.00098386873
0.04445051
0.0073794299
0.023558902
0.018628141
0.00068216311
0.012826649

0
1.4012985e-45
0
0
0
0
2.8025969e-45
0
0
1.4012985e-45

0
0
0
0
0
0
0
0
0
0

0.081031963
0.049463343
0.20344973
0.14279903
0.039685294
0.0097639505
0.14452524
0.25533718
0.099432312
0.34611657

4.3855697e-34
2.577263e-21
4.0918921e-17
1.1273253e-26
1.0103983e-24
1.3364521e-14
2.9320643e-29
1.0472298e-30
1.6287285e-27
1.3514055e-27

0.023367239
0.025062678
0.11133946
0.11386802
0.059903059
0.027853174
0.16621152
0.063215338
0.1736166
0.1307724

1.7701651e-11
1.0612884e-09
8.122631e-24
7.6356532e-13
8.6441135e-15
2.2799974e-11
1.4203067e-12
1.5070476e-19
9.8156624e-16
8.5718387e-15

3.0485024e-39
1.1314249e-38
1.0350032e-38
3.2493197e-39
2.7025493e-10
4.6955017e-39
1.112498e-38
6.1218512e-39
2.1015846e-38
1.0233561e-38

1.5315171e-31
4.164903e-31
2.9390015e-31
2.8971904e-31
5.0836426e-31
4.7757256e-31
2.9776299e-31
6.7407985e-31
3.3409943e-31
3.1644287e-31

4.4284241e-26
5.0258541e-26
7.329033e-26
3.2860573e-25
6.4475389e-26
1.8522293e-25
7.2147758e-26
8.3008801e-26
1.1860251e-25
1.0309809e-25

2.2188178
1.8999568
2.2262545
2.2520018
2.3070269
1.7866794
2.6887389
2.3784514
1.8592616
1.8998061

1.7182895
1.7182876
1.7182876
1.7182952
1.7182876
1.7182895
1.7183104
1.7182971
1.7182914
1.7182895

1.7182856
1.7182856
1.7182876
1.7182856
1.7182856
1.7182856
1.7182856
1.7182856
1.7182837
1.7182856

2.2510005
4.5544062
3.4641124
2.7847815
3.6482478
2.3069735
3.7446872
3.3063327
3.0867663
4.722417

1.7182895
1.7182876
1.7182895
1.7182876
1.7182876
1.7182876
1.7183028
1.7182876
1.7182856
1.7182933

3.202426
2.5442458
2.7029963
2.5053817
2.4597503
3.496358
2.584756
2.6704093
2.816516
3.0379287

1.7182971
1.7184478
1.7185889
1.7182952
1.7188464
1.7183085
1.7183143
1.7182952
1.7183162
1.7182914

1.7182856
1.7182856
1.7182837
1.7182856
1.7189055
1.7182837
1.7182856
1.7182856
1.7182837
1.7182856

1.7182856
1.7182856
1.7182856
1.7182856
1.7182856
1.7182856
1.7182856
1.7182856
1.7182856
1.7182856

1.7182876
1.7182876
1.7182856
1.7182876
1.7182856
1.7182856
1.7182856
1.7182876
1.7182856
1.7182876

22.888031
14.060425
25.659058
17.245575
18.991272
21.893555
18.935486
8.1709595
46.77977
41.858765

15.919373
1.9899292
3.9799805
1.9899597
1.9899597
1.9899902
0
6.9647217
0.9949646
2.9851685

0
0.9949646
0
0.9949646
0
0
0
0.9949646
0.9949646
0.9949646

11.999756
11.899536
13.238342
14.211792
11.288208
12.481964
11.302551
13.989075
16.332794
14.995514

12.735016
11.514069
12.221222
13.1604
12.359589
14.527527
14.149567
13.347839
15.386444
15.108856

9.422699
7.8684692
10.86853
10.932037
12.652161
12.22641
10.063538
8.0178528
9.1817627
9.9458313

10.700562
9.7838745
11.578979
9.7469177
10.056732
12.985962
12.360107
11.831268
10.278656
11.11377

0
0
0.9949646
0
0
0
0
0
0
0

0
0
0
0
0
0
0
0
0
0

0.0028381348
0.063323975
0.0065917969
0.00076293945
0.00045776367
0.0020751953
0.0027160645
0.088043213
0.032989502
0.0018920898

0.56569459
0.24277221
1.8097992
0.18124771
0.069497086
1.2880514
0.066089994
0.34575798
0.012945154
0.0040686288

1.1422795e-37
1.8671694e-39
6.2545405e-40
3.0048418e-39
1.5771261e-39
3.0435584e-37
1.0010964e-38
2.8995701e-41
2.5216965e-39
1.2240219e-39

1.3195638e-36
6.1704131e-36
4.9856268e-36
5.2480115e-37
4.1071392e-36
1.44714e-35
6.3676815e-37
5.3973864e-35
1.2190196e-36
2.8300239e-36

1.5421114
1.2379896
1.0970263
1.4298058
3.3186021
1.069082
0.32974305
0.68013754
0.59070611
1.1854606

2.6687469e-11
3.4708193e-05
2.4090373e-20
3.4727734e-12
6.2257878e-07
4.0495161e-09
7.1360072e-12
9.218818e-15
9.2952874e-12
5.2922291e-08

0.74185944
1.2877396
0.54344408
0.74826326
0.97885267
0.91037045
0.48322473
0.30038894
0.791704
1.7880319

1.8422405e-06
3.4977399e-08
3.3443054e-09
2.0374317e-07
3.0906405e-06
3.4761015e-08
5.6306635e-06
1.7119327e-06
6.3301578e-09
3.1196267e-05

1.5125754e-28
1.0429576e-28
4.3298128e-29
8.7526999e-29
1.6456345e-29
1.1412963e-28
7.5479989e-29
2.4761879e-29
3.4202628e-29
5.0677646e-29

3.0150055e-22
1.2696074e-22
5.8340498e-23
1.3373006e-22
1.1866799e-22
8.7766044e-23
7.9894594e-23
5.3496414e-23
1.5700932e-22
4.8244702e-22

1.7300981e-17
4.8723985e-18
7.3491184e-18
9.8819848e-18
6.6524239e-18
4.2106472e-18
1.5769255e-17
7.3657204e-18
4.2133472e-18
3.7544391e-18

0.3721236
1.4941864
0.30268186
0.85772538
0.93739498
1.127847
0.32616717
0.1453898
1.0438198
0.79490268

0.012316048
0.014772356
0.068198442
0
0
0
0.012316048
5.9604645e-08
0.019677699
0.014772356

0
0
0
0
0.0098572373
0.0073959827
0.0098646283
0
0
0

2.993274
1.9300424
1.1271476
1.094563
1.0897186
2.0064688
3.1014173
1.1012559
2.167294
1.333308

0.0073959827
5.9604645e-08
0
5.9008598e-06
0
2.1636486e-05
0.0098572969
1.7106533e-05
5.9604645e-08
0

1.2352298
1.5778167
1.2239585
1.2711189
1.0983175
1.2683616
1.7481782
0.99933237
1.7049823
1.5338535

0
0
0
0
0
1.3113022e-06
2.3841858e-07
0
0
0

0
0.0073959827
0
0
0
0
0
0
0
0

0
0
0
0
0
0
0
0
0
0

0
0
0
0
0
0
0
0
0
0

11.100403
11.789228
12.778324
10.916136
11.671028
9.2204857
11.081058
11.004365
9.9637146
12.452469

10.21036
9.5071316
12.102396
8.6709557
10.745663
10.194959
11.872754
10.082074
10.220542
9.3703165

11.128488
10.700618
10.808564
10.444178
10.901731
10.877629
12.062982
12.015568
10.771312
12.442757

8.7604094
9.4006815
9.3226004
8.7310286
9.3225412
9.8255005
8.643218
8.9996758
9.9247227
8.995882

9.9267712
10.054155
9.4772577
8.8504686
10.33199
11.294194
9.357811
10.114469
9.4070587
9.923481

8.6393499
8.8473644
8.3277788
8.1596746
8.7160645
8.6553383
7.9807782
7.9818134
8.0974531
8.6015463

8.1977224
8.5246115
8.3718252
8.2795372
9.0303411
8.4658594
8.7305355
7.6398635
8.7859116
8.1634874

8.7721338
8.9126015
9.2246418
9.260746
8.6517324
9.0880175
9.0258913
9.5425262
9.7419548
9.1161146

9.7098913
9.8308878
9.4194098
10.583385
9.4708328
10.285901
9.4454565
9.8535242
9.8214521
9.8193865

9.8722353
10.674484
10.446638
9.7247534
10.21873
10.654147
9.6755791
10.237436
10.656591
10.489877

