0.142622228432447
1.40129846432482e-45
3.47522019152555e-44
1.33569400012493
1.02335767830187e-16
1.67244881689548
6.84116275868612e-05
3.22538496186898e-34
4.80354103678777e-30
1.0008204373481e-24
4.86938848277495e-14
8.84919980221122e-43
1.40129846432482e-46
1.19036980740302e-11
7.47784616733277e-21
5.0444098379675e-09
2.31784810279566e-15
2.01477548244203e-30
1.48219693752374e-323
1.48219693752374e-323
36.8477684438229
7.56701170735401e-45
3.11957064127991e-42
374.598568725586
4.91841875850342e-25
184.393725967407
3.42287390209263e-06
4.81550962373561e-35
4.96620273792981e-28
2.32870268784515e-22
0.661823908332735
7.88033184947674e-26
3.73858070918496e-23
0.796288800239563
5.52237251589859e-16
0.522179692983627
5.28639547365877e-14
5.92530996431325e-21
2.60789748787482e-16
2.70674536386947e-13
0.0180565907648997
8.4077907859489e-46
1.48219693752374e-323
0.0679779085330665
2.48926677426267e-32
0.0816195154562593
8.37759656087872e-08
1.04620655336955e-28
3.55106013553959e-31
8.96618479035442e-26
2.49103592544391
1.71829460769488
1.71828545242145
2.88336781173541
1.71828869491412
2.77259396224811
1.71829575210406
1.71828526168658
1.71828564315631
1.71828659683063
21.5068511962891
4.07939453125
0.497482299804688
13.4747619628906
12.9726348876953
10.2304077148438
10.5413513183594
0.198992919921875
1.48219693752374e-323
0.02510986328125
0.574514509775373
1.16071560620554e-38
3.41472722584407e-36
2.33379629861472
3.02590549987731e-12
0.976468434565348
2.53264363126828e-06
6.79714794165142e-13
1.78517093063687e-22
5.54147180987277e-18
0.674259871244431
0.026264488697052
0.00369701385498047
1.37103675603867
1.53541564941406e-05
1.21239236593246
1.19209289550781e-08
0.00123159885406494
1.48219693752374e-323
0.000739800930023193
10.639208984375
9.9132493019104
11.0586887359619
9.27824039459228
10.4034074783325
8.26442770957947
8.46290616989136
9.50042486190796
9.91860866546631
10.4226599693298
