0.542854070663452
0.311247617006302
2.61554455757141
0.177748501300812
0.392726063728333
0.0876921862363815
0.0555466488003731
0.0657891556620598
0.0372608192265034
0.0546993836760521

0
0
1.40129846432482e-45
1.40129846432482e-45
1.40129846432482e-45
4.20389539297445e-45
0
0
1.40129846432482e-45
0

8.4077907859489e-45
5.60519385729927e-45
1.40129846432482e-45
5.60519385729927e-45
0
1.40129846432482e-44
1.68155815718978e-44
8.4077907859489e-45
7.00649232162409e-44
1.30320757182208e-43

3.34285664558411
0.916830599308014
1.51813304424286
1.52632939815521
2.12422466278076
1.19794595241547
0.587816298007965
0.548134088516235
1.83373045921326
1.02494406700134

2.30840186374543e-32
2.72992124424664e-33
1.61505424149024e-31
9.38523811532677e-31
2.53121869285728e-30
5.69866216562007e-33
6.65558365686989e-31
3.02127767977724e-31
1.71070139563021e-31
8.57748768738919e-34

0.235402137041092
0.516613602638245
1.03096103668213
0.194296717643738
0.258494228124619
1.01323938369751
0.605123817920685
0.842713057994843
0.337340116500854
0.981082260608673

5.34002955734115e-20
8.94909578773718e-16
3.28288223272466e-08
1.5509771146391e-26
8.60903796774534e-20
3.1204983041988e-09
1.5655277638485e-13
7.39767314298722e-23
8.28782709128006e-10
1.48886928312423e-14

1.93765385933593e-37
7.35483998583182e-38
6.64949135913945e-38
6.80630226249126e-38
4.17934240180194e-38
1.13982413025708e-37
1.52885731828578e-37
2.59950898429258e-38
9.24095520868865e-38
7.71507346361396e-38

3.3749022095724e-30
2.92615827558102e-30
4.47424333437101e-30
5.83851982098621e-30
6.04571903803051e-30
1.40482539934568e-30
2.82749950491424e-30
3.70713151966846e-30
7.99575169474519e-30
2.8468325313638e-30

4.79955103472881e-25
1.12570599086458e-24
2.6823652151372e-25
9.38231224586545e-25
1.17726682709834e-24
1.16165576282209e-24
4.52114920228661e-25
7.30415236133125e-25
9.07025366290199e-25
1.28893748380337e-24

1.44704296294842e-17
3.65778176349633e-21
2.72360119585302e-15
1.01872455852385e-19
2.52996643828401e-18
1.10067883480574e-19
5.95171977904618e-15
9.34449135894963e-20
2.06374251455338e-13
7.08999531727453e-17

1.02294787895712e-43
4.20389539297445e-45
2.38220738935219e-44
5.04467447156934e-44
1.82168800362226e-44
1.68155815718978e-44
1.5414283107573e-44
4.76441477870438e-44
7.70714155378649e-44
5.04467447156934e-44

0
0
0
0
0
0
0
1.40129846432482e-45
0
2.80259692864963e-45

1.89545480006048e-11
1.98826805714036e-11
1.1685695813779e-12
1.73085721102972e-13
2.49635451199381e-11
1.29233863194189e-11
8.26477608573128e-10
1.04420031649122e-12
1.4886473130582e-12
1.7594087645123e-11

2.77546953739978e-25
1.0914857401171e-20
1.19602109392528e-20
1.80788642551947e-30
4.61900394631281e-25
4.39063470564991e-22
1.29262066353693e-21
4.61573917150085e-26
7.27815460690739e-21
1.25775091315615e-23

1.77974912585199e-09
1.04952058155305e-09
5.12522177475994e-11
2.7568088260886e-14
2.38410013302451e-13
3.02847920352622e-11
5.66526769940623e-10
1.54662931767247e-11
1.6619179990518e-11
3.81456368228617e-13

9.40334623582703e-25
3.88095406503515e-25
1.87901914736691e-24
2.03855095483443e-29
2.39289554544913e-31
8.28971844300633e-22
2.04734530124684e-24
1.86278101262671e-26
8.91382489503119e-29
2.36421849953009e-23

3.22639278462349e-25
0
2.83549874961396e-28
2.80259692864963e-45
0
1.85405681084434e-31
6.59129973870492e-36
0
3.12881921114445e-41
0

0
0
0
0
0
0
0
0
0
0

0
0
0
0
0
0
0
0
0
0

47.7388954162598
0.0693029016256332
18.984935760498
1.494011759758
2.93386363983154
10.8007984161377
57.841178894043
7.00342416763306
1.67309272289276
27.5171356201172

0
5.60519385729927e-45
0
5.60519385729927e-44
7.84727140021898e-44
4.06376554654197e-44
8.4077907859489e-45
2.52233723578467e-44
0
0

1.76563606504927e-43
2.2813138999208e-42
4.47014210119617e-43
1.03696086360036e-42
9.61290746526825e-43
6.72202873336615e-42
7.17464813734306e-43
1.48134063260705e-40
1.49238286450593e-42
4.34122264247828e-42

118.54906463623
69.7239074707031
214.814468383789
232.380981445312
243.511169433594
333.335144042969
266.732788085938
63.1104698181152
235.069778442383
212.354827880859

2.96318694196186e-28
1.10855803494409e-30
6.55796675035613e-30
2.38655244251514e-28
1.48782209693995e-27
1.5374439949207e-28
1.06031907578635e-29
1.58739434219788e-30
3.63883097206648e-29
8.18332147268444e-30

58.0517158508301
76.6315841674805
88.1495056152344
87.250114440918
100.147201538086
45.3920097351074
161.752349853516
80.0896606445312
105.87622833252
92.1898498535156

7.67279554253947e-16
6.73060457194452e-13
1.5273335468909e-16
4.63542832618236e-24
2.9225180260657e-19
1.45922371408425e-10
2.86549152406224e-06
2.63587445203939e-08
1.44985865953055e-23
4.01316065108404e-05

5.49645596632692e-36
3.27969668048667e-35
7.89192009653544e-35
7.92988747352048e-36
1.05305259492169e-35
1.28488807638087e-35
1.45336278826445e-17
1.2849480564393e-35
2.99479197692463e-35
5.05981785789987e-35

3.60997055073797e-28
7.66981715125541e-28
7.88391844983056e-28
7.90593375502485e-28
3.9074087639367e-28
2.450841187765e-28
6.82759931989012e-28
7.95405167023791e-28
1.0469086751203e-28
2.78144776646598e-28

7.38893117576218e-22
9.73279861010494e-23
7.09309079203777e-23
1.22023554418032e-22
2.20155755812961e-22
2.60704190839731e-22
1.9764627252564e-22
2.06200011227809e-22
2.56903370645955e-22
1.522105602011e-22

0.416688144207001
0.0555324368178844
0.00878000911325216
0.00753158377483487
1.99905872344971
0.000612208503298461
0.39655339717865
0.0817169994115829
0.0923521220684052
0.724518656730652

1.88515762227857e-27
8.15187886078299e-28
6.94947987049072e-28
5.05401621189375e-28
4.40303214990893e-29
2.53772735053485e-28
2.47935265466171e-28
3.80794146380515e-28
7.9216026395699e-29
1.0321689314028e-28

2.87425068023003e-23
6.76311343082744e-23
5.02139753560955e-23
1.1787876562603e-22
3.48515844918512e-23
4.41965317492952e-23
4.52772838112224e-23
3.56857733446862e-23
1.4091788381423e-23
2.63348812314605e-23

0.575759530067444
0.430963635444641
1.00050175189972
0.149164572358131
0.839175939559937
0.621998965740204
0.727105736732483
0.54815685749054
0.499893486499786
0.50000011920929

7.23487050908393e-16
5.07766446907122e-16
3.69681441779831e-16
1.04905655204244e-15
6.91391860806184e-16
6.36832404030726e-16
1.42480417909271e-15
6.88303578680495e-16
4.20796333196161e-16
2.14913447776987e-16

0.99226313829422
0.523516595363617
0.660822808742523
0.444139569997787
0.540488481521606
0.278509676456451
0.363271623849869
0.496558874845505
0.762217044830322
0.426023334264755

2.65045621626429e-14
5.51442199466391e-14
3.62843503615325e-14
5.30618470440548e-14
4.81977264631291e-14
2.54551459392353e-14
2.56895335082677e-14
4.08603408269884e-14
6.12341259512497e-14
4.23120401021014e-14

2.90134347062024e-21
5.45097806505667e-21
1.49530602553947e-20
6.09375596604398e-21
5.88061882561162e-21
4.65656438685647e-21
5.97575752075229e-21
9.05723592757568e-21
5.8225748188587e-21
2.99436130375089e-21

1.26931579680311e-16
2.32669918564287e-16
1.0104758953609e-16
2.24979468208149e-16
2.78843987389945e-16
1.79411702919158e-16
2.44607736225093e-16
2.91830908295484e-16
2.3865012999058e-16
1.8993894602499e-16

3.06591774537623e-13
4.16298668714371e-13
3.55888007865651e-13
2.20760164163815e-13
5.78107115130344e-13
2.07624932871409e-13
3.48768052198939e-13
3.02400194728686e-13
2.32456225492464e-13
2.89170163508823e-13

0.0165829937905073
0.00235227146185935
0.0180414486676455
0.0395900718867779
0.0226672869175673
0.000733812339603901
0.177130594849586
0.772394359111786
0.0442525744438171
0.0646852925419807

1.40129846432482e-45
2.52233723578467e-44
0
0
1.40129846432482e-45
1.40129846432482e-45
0
0
2.80259692864963e-45
2.80259692864963e-45

0
0
0
0
4.20389539297445e-45
0
0
0
0
1.40129846432482e-45

0.0948305130004883
0.0707625299692154
0.150434553623199
0.109857432544231
0.0141671197488904
0.0444672554731369
0.191634640097618
0.134208977222443
0.114415667951107
0.11292140185833

3.75839574519342e-32
6.60448424520381e-34
2.97948967845155e-32
8.6068068307532e-32
1.42102463132434e-33
5.68752954645359e-30
7.6742053184517e-33
3.78207290505598e-31
8.58850791019395e-32
2.93850835461399e-34

0.010100869461894
0.044373195618391
0.0764421001076698
0.0558515377342701
0.0307061448693275
0.11655018478632
0.10580949485302
0.0832483395934105
0.0332653559744358
0.168630853295326

3.87337614885047e-23
4.82070329835271e-13
1.81016548186355e-14
1.66699119785729e-11
1.47891405464958e-26
7.58480832837449e-19
6.64394808700536e-13
3.09641499723554e-14
1.10271752666591e-12
4.30769063991044e-19

3.29245163542059e-38
8.11194700980587e-21
8.54468363292879e-39
2.78417966293301e-39
5.46622148339832e-39
1.77555109246345e-38
1.93391379373464e-39
3.01745129595193e-38
2.40175410163106e-39
7.16147853504909e-28

3.75908587792678e-31
7.50527223349595e-32
2.3792494666293e-31
1.15399973132089e-31
5.42686010065592e-32
3.90538861012674e-31
7.89182591005058e-32
5.16556322299356e-31
2.57425128409173e-31
1.84888134431654e-31

1.83264319804033e-25
3.33713061330809e-26
5.26952613563023e-26
1.20689580174896e-25
2.54352742145154e-25
9.17046734755384e-26
2.88659951623594e-26
2.55836022514099e-25
7.4766036414479e-26
6.83908570089354e-26

2.06535061508014
2.08494480758502
1.84010990768268
2.10868557601764
2.03486927657916
2.96069058090045
3.42129620223834
1.93123730331256
1.8065653672774
2.02313145309283

1.71828755050494
1.71830471664264
1.71828755050494
1.71828755050494
1.71828945785358
1.71829708724811
1.71828945785358
1.71828945785358
1.71828755050494
1.71829327255084

1.71828564315631
1.71828564315631
1.71828373580768
1.71828564315631
1.71828564315631
1.71828755050494
1.71828564315631
1.71828564315631
1.71828564315631
1.71828564315631

3.7787333360274
2.33980854659869
2.72586735397174
3.45140370040729
3.14769657760455
3.18514164596393
2.62960156112506
2.30806645065143
3.63579090743854
3.34776981979205

1.71828945785358
1.71828755050494
1.71829136520221
1.71828945785358
1.71828564315631
1.71828945785358
1.71828945785358
1.71828755050494
1.71828755050494
1.71828755050494

2.34996517806842
3.34370525985553
2.98940380721881
3.56430729537799
2.92428120284869
2.91856297164752
3.14110859542682
2.47967442184283
2.93277844100787
3.1161471238692

1.71829136520221
1.71829517989947
1.71830090194537
1.71829708724811
1.71828564315631
1.71829136520221
1.71829136520221
1.71829136520221
1.71833332687213
1.71829327255084

1.71828564315631
1.71828564315631
1.71828373580768
1.71828373580768
1.72179707198932
1.71828564315631
1.71828564315631
1.71828373580768
1.71828564315631
1.71828564315631

1.71828564315631
1.71828564315631
1.71828564315631
1.71828564315631
1.71828564315631
1.71828564315631
1.71828564315631
1.71828564315631
1.71828564315631
1.71828564315631

1.71828564315631
1.71828564315631
1.71828564315631
1.71828564315631
1.71828564315631
1.71828564315631
1.71828564315631
1.71828755050494
1.71828564315631
1.71828564315631

24.8992919921875
20.9916687011719
19.92138671875
36.836181640625
15.9416198730469
25.9948120117188
22.9420166015625
35.8377685546875
30.1232604980469
34.8963317871094

4.97479248046875
5.96978759765625
3.9798583984375
6.96484375
5.96981811523438
0.994964599609375
2.98489379882812
1.98995971679688
0.9949951171875
7.95968627929688

9.1552734375e-05
1.98992919921875
1.98992919921875
0.994964599609375
0.994964599609375
0
0
0.994964599609375
0.994964599609375
0

14.5385131835938
14.3358459472656
12.6395874023438
10.8851623535156
13.4080810546875
13.1791381835938
13.9897155761719
13.9457092285156
12.90185546875
14.8511962890625

14.7081909179688
11.2134094238281
14.727783203125
11.279052734375
14.8427124023438
12.2722778320312
13.7190551757812
13.0508728027344
13.9922790527344
12.8320922851562

9.06707763671875
11.9805297851562
11.2597961425781
6.1451416015625
9.68942260742188
11.4076843261719
10.2088623046875
11.1522521972656
9.2291259765625
9.19244384765625

7.56277465820312
10.4684143066406
12.7753601074219
14.0712280273438
10.4432373046875
11.7710266113281
11.7810363769531
9.90322875976562
10.1716918945312
11.2637634277344

0
0
0
0
0
0
0
0
0
0

0
0
0
0
0
0
0
0
0
0

0.037994384765625
0.27685546875
0.000396728515625
3.0517578125e-05
0.0079345703125
0.00067138671875
0.00067138671875
0.01171875
0.000762939453125
0.005218505859375

0.316491780376498
0.331231831255352
0.162928685239258
0.0191231243248476
0.0184309494736535
0.186260124376445
0.970236127273453
0.126822207986871
0.194767415801123
0.00958978397461478

6.05611119104327e-41
6.13029753053768e-35
2.52355249202761e-40
2.95744556259407e-38
7.24873333515274e-40
1.63708559003701e-38
2.26402524238311e-38
4.02441926803522e-36
1.2293161150364e-38
7.62493595545294e-39

1.26438114683675e-36
2.52383931398493e-36
9.82383602843408e-37
1.82524481940092e-36
4.55845844164698e-36
6.90241388508207e-36
8.33977635342221e-37
1.41689242335772e-36
6.70747804799324e-37
8.00238830057084e-36

0.471398810924299
2.57991915656115
1.84222007445898
1.01528000075366
0.56262327038552
1.55641026762194
2.78444937258082
3.18900903856543
0.47249566511067
0.970929874576004

3.00166266370859e-21
5.64800189857416e-19
5.02366486579217e-13
1.0358773680313e-21
2.9259013398402e-20
1.29161864810034e-11
1.93589518047352e-25
1.0514281474614e-22
3.85169728598859e-18
2.5560963632255e-15

1.0711731541503
0.536027323252042
0.554081208200316
0.916631007177311
0.220655478188651
0.256405471137209
0.824323424611908
3.23065785792857
0.554860805046516
0.889892467132247

1.41970815820023e-06
4.9687177871208e-08
6.03849078228482e-11
7.40898743018236e-05
3.07682347129224e-09
1.49658486425806e-06
9.56390794930723e-06
1.51448144470555e-08
6.51990525887236e-09
3.28015656268623e-07

1.01068255473461e-28
5.29719488198777e-29
3.89488737958405e-28
5.06505984435806e-29
9.09407724139703e-29
5.16439854620297e-29
1.50010905801276e-28
6.78943627711898e-29
8.09048212990954e-29
1.52876294409075e-28

1.82787911549578e-22
1.43658160030734e-22
2.01078057800496e-22
1.90718492955391e-22
6.54541102414573e-23
1.17727665684169e-22
3.43472925454988e-23
6.63947079912184e-23
1.11451590897177e-22
8.76587692240554e-23

3.87804572763182e-18
8.29824475063021e-18
6.68736008633634e-18
9.22927436671269e-18
2.14761410881471e-18
4.2129113411527e-18
4.64664724685337e-18
8.66462606290059e-18
4.0363896135791e-18
1.2609251266425e-17

1.4678692817688
0.107438981533051
0.222034633159637
0.208519101142883
0.925201296806335
1.29362201690674
0.0735220313072205
1.03351438045502
0.0184304118156433
1.09303295612335

0.0246099829673767
0
0
0.0294811129570007
0.00985723733901978
0.0638042092323303
1.78813934326172e-07
0.00739604234695435
0.0172262787818909
0

0
0.00985723733901978
0
0.00985723733901978
0
0.0123209357261658
0
0
0
0.00739598274230957

1.48916673660278
1.22567367553711
1.2601945400238
1.7516633272171
2.79089975357056
1.49234294891357
1.06435108184814
1.23950481414795
1.36491823196411
1.35042357444763

5.96046447753906e-08
2.50339508056641e-06
0
1.19209289550781e-07
4.63128089904785e-05
5.96046447753906e-08
2.38418579101562e-07
5.96046447753906e-07
0
2.38418579101562e-07

1.4166077375412
1.24382126331329
1.11030614376068
1.08838617801666
1.25187480449677
1.43943238258362
1.12842309474945
1.11975705623627
1.38459181785583
1.14459609985352

0
0
0
2.38418579101562e-07
0
0
0
5.66244125366211e-06
0
4.94718551635742e-06

0
0
0
0
0
0
0
0
0
0

0
0
0
0
0
0
0
0.00739598274230957
0
0

0
0
0
0
0
1.07288360595703e-06
0
6.46114349365234e-05
0
0

15.0835380554199
10.0172462463379
11.0733604431152
10.3136711120605
10.731406211853
9.86348819732666
11.4072771072388
9.46582126617432
9.54955673217773
10.0167045593262

10.8982048034668
9.13978290557861
9.22642135620117
9.19704151153564
8.83478164672852
12.4365463256836
10.9253635406494
10.5875272750854
9.91065216064453
11.4019718170166

10.2405996322632
9.68387699127197
11.3960590362549
8.09433746337891
9.82950401306152
10.2567806243896
10.199161529541
9.76858043670654
11.6478996276855
9.04855632781982

9.06723785400391
8.8263635635376
8.94143867492676
9.17947959899902
9.62504005432129
10.1205072402954
9.48446559906006
9.53456497192383
8.52368831634521
10.4798374176025

10.3352136611938
11.4614601135254
10.021297454834
10.2933921813965
10.507269859314
10.2167196273804
10.1942701339722
10.1398372650146
11.0762224197388
9.6506872177124

8.42629051208496
8.7463321685791
8.44692802429199
8.03495788574219
8.6835470199585
8.57631301879883
7.5138087272644
7.85409832000732
8.65153408050537
7.95684242248535

8.13656997680664
8.75765705108643
8.54400634765625
8.20511913299561
8.28406238555908
8.71430683135986
7.71942043304443
8.47274971008301
8.54470062255859
7.38424730300903

9.48937797546387
9.39365577697754
9.39451789855957
9.23903465270996
9.87143039703369
8.91679763793945
9.13448429107666
9.32561588287354
9.53859710693359
9.06231880187988

9.69113636016846
9.87753677368164
10.017147064209
9.47797775268555
9.83058452606201
10.1228351593018
9.7175178527832
10.3054618835449
9.80868148803711
10.0935401916504

10.1633138656616
10.2851791381836
9.85026264190674
10.1165866851807
9.99441719055176
10.3734941482544
9.9186544418335
9.95788383483887
10.3415498733521
10.3660869598389

