0.434110900387168
9.80908925027372e-46
2.60641514364416e-44
1.46209452152252
4.80237455258278e-31
0.601526635885239
3.67782756770918e-09
9.06088667446476e-38
4.14415833285785e-30
8.52954443681351e-25
2.15137781822512e-14
4.06376554654197e-44
4.20389539297445e-46
9.24670359161647e-11
3.18982701971126e-21
3.51006639476557e-10
8.57887561347809e-23
3.22923013749583e-26
9.88131291682493e-324
9.88131291682493e-324
17.6056639298797
2.14398665041697e-44
1.66310305641462e-41
198.958259963989
2.24096917595843e-28
89.5530220031738
4.30236033757752e-06
1.45336278826445e-18
5.20378972902648e-28
2.32299572726887e-22
0.378334428125527
5.00966050453056e-28
4.64904225102639e-23
0.589272059500217
6.72703329522104e-16
0.548781114816666
4.14743892305841e-14
6.37862505405213e-21
2.10891196683409e-16
3.25806529921212e-13
0.115843070601113
3.50324616081204e-45
5.60519385729927e-46
0.103770009148866
6.31511836781487e-31
0.0724978076294065
1.89681616378543e-12
8.11194772595372e-22
2.28688153618258e-31
1.16393679418888e-25
2.22768810897662
1.71829136520221
1.71828564315631
3.05498798995807
1.71828850417926
2.97599342971637
1.71829708724811
1.71863621383502
1.71828564315631
1.71828583389117
26.8384338378906
4.27835998535156
0.795980834960938
13.46748046875
13.2637725830078
9.93323364257813
11.0211761474609
9.88131291682493e-324
9.88131291682493e-324
0.0342254638671875
0.233588203008212
6.54169360241627e-36
2.89807273738652e-36
1.54447355315385
1.34211135138452e-12
0.905470819682507
8.69725800358141e-06
1.18845068285196e-28
1.20127675891978e-22
6.44103645710366e-18
0.644318509101868
0.0152375042438507
0.00394313931465149
1.50291386842728
5.01275062561035e-06
1.23277965784073
1.08480453491211e-06
9.88131291682493e-324
0.000739598274230957
6.56843185424805e-06
10.752206993103
10.255829334259
10.0165355682373
9.37826232910156
10.3896369934082
8.2890652179718
8.27628397941589
9.33658304214478
9.8942419052124
10.1367428779602
