618.99734105514676230086479336
246.647878313816647732892306522
71.5039640120713499982230132446
80.5857321089496849708666559309
16.8216929635187746328028879361
52.2342543091014377409919688944
7.89888328428458841301562642911
1.68645185843159639560440155037
2.43943220589788047483758085713e-17
1.99592055329469618315106580689e-22
0.00456857173118241626647018094332
8.33434612872076279908514773176e-05
1.14134922916073587905512898982e-06
6.51940310425054433423231077527e-07
1.0096876832961757536131178366e-08
3.96915761258867203687035214027e-07
3.22580967793498434653882197404e-07
6.53016323855589842273835880782e-07
1.90299409319498329866411732037e-08
1.26399470171262667647881310479e-18
103547.055660629499470815062523
37356.6104025800741510465741158
9767.81604124304794822819530964
18939.1864521175812114961445332
2110.55274310931690706638619304
8450.69154646304195921402424574
1255.98403441523828405479434878
259.331102566602908154891338199
2.46471858973562736956606133679e-16
6.40261229076863550780593717296e-20
79.245310273527962863227003254
40.0160294082654246494712424465
19.1962915790829740103617950808
18.21512783334435425786068663
4.74834011312565174023347935872
12.4508648297633381929472307093
2.77287885396182698372058439418
0.0124518268568206726121250227379
4.91756626710930819726647521099e-20
4.82399200186445527544387404484e-11
49.8590113234320284618661389686
18.1093667998927010387433256255
2.40752747274882050732003335725
6.57532342223126420321932528168
1.17384786912007532677648669051
3.96873701681519808204257060424
0.480948976764947910833569721945
0.0986600320198585956088521697893
7.16830815125380466123978099907e-09
1.56756125237569774289274144216e-23
15.9861087973889031133012395003
13.3864393100309904127698246157
8.23705892619698332168809429277
8.60019495624015561929809337016
4.77894366957117266991872384096
6.78377491185028524967037810711
3.37640484404290797115777422732
1.87280475462062812042063342233
1.19460924801195744748838478699e-05
2.18530082918277906078012749639e-11
175.107849536311590554760186933
117.426188016225722776653128676
76.041716764750276524864602834
48.8242683520899802829262625892
141.039533904296206401340896264
59.3885727638602034517134597991
132.15334052602023007239040453
12.9131830294063547626137733459
155.181985040348934035137062892
173.804201476688660932268248871
223.811060216856560600717784837
78.6948480767328248930425615981
24.1193413085327570399840624304
85.9266018519768692840443691239
17.4182771940908054375540814362
67.2276073631279871278820792213
12.3977294847019088308570644585
3.06121972382719409466744764359
1.42081415335657117726889781505e-07
5.29215563590790655857240155708e-20
159.343916833766058971377788112
59.3234168293061188137471617665
10.7135579229609092521968705114
19.3654432504181954755040351301
7.72558272564976533658409607597
13.2295899422822547109035440371
3.58229246096831577261809798074
0.934237433297756880712370275432
0.00197121128533764853121845739281
0
9.7463295930544475709211837966
3.08567429526422198904356264393
0.755852553445821695454753808008
0.318403490615350781567371996061
0.12617270167980088046988385031
0.152539181895191777726950022043
0.06326741574140079538146608229
0.0263032896065224994219811094354
0.0460168053899028678399574232571
0.0637846700644309622107996915474
