0.423333
0.418351
0.451584
0.467979
0.429461
0.42248
0.39084
0.387382
0.387184
0.384951

0.455889
0.484716
0.519247
0.518187
0.550388
0.517085
0.534202
0.504944
0.470071
0.479301

0.565896
0.564165
0.574771
0.587219
0.576667
0.570518
0.596578
0.612176
0.605922
0.617683

0.428706
0.424782
0.414145
0.419027
0.403492
0.404123
0.398622
0.41256
0.413895
0.401741

0.498051
0.482735
0.477083
0.48171
0.482558
0.477553
0.50491
0.482115
0.506504
0.484476

0.455508
0.427462
0.428371
0.439747
0.459175
0.445555
0.451105
0.452616
0.434906
0.434854

0.520538
0.514277
0.516142
0.535889
0.524097
0.540545
0.536299
0.508138
0.51296
0.530048

0.451306
0.435953
0.456624
0.44087
0.426613
0.420752
0.454718
0.440752
0.444208
0.447022

0.535289
0.550727
0.543868
0.547319
0.538058
0.515444
0.528417
0.531086
0.507619
0.50322

0.616542
0.611658
0.606861
0.639254
0.629879
0.65135
0.667553
0.644137
0.637618
0.719489

0.418052
0.423411
0.405587
0.416476
0.427814
0.421925
0.431469
0.413223
0.41179
0.419869

0.480799
0.468015
0.456951
0.459694
0.463908
0.463458
0.47145
0.498735
0.495204
0.486926

0.64513
0.614025
0.607976
0.618456
0.608759
0.609959
0.616394
0.616073
0.615396
0.608498

0.419441
0.420696
0.459523
0.438579
0.440717
0.431395
0.425372
0.422538
0.416697
0.414176

0.503118
0.501362
0.493358
0.51202
0.506925
0.493014
0.507547
0.505756
0.518009
0.532447

0.453934
0.462071
0.457409
0.461846
0.471427
0.460407
0.479839
0.472538
0.457662
0.483017

0.543969
0.544119
0.539234
0.526349
0.532487
0.53491
0.543405
0.544092
0.539053
0.524775

0.431156
0.435933
0.4392
0.440329
0.432862
0.450679
0.450587
0.463792
0.444959
0.448936

0.514543
0.519784
0.529988
0.529453
0.552535
0.550122
0.538787
0.554827
0.537048
0.548744

0.642308
0.651983
0.695228
0.657106
0.672709
0.651412
0.653725
0.642337
0.659371
0.680525

1.4205
1.45492
1.41506
1.41123
1.37453
1.38007
1.38298
1.38195
1.44323
1.39247

1.46673
1.45171
1.47259
1.45865
1.57359
1.49668
1.63507
1.59862
1.55885
1.52643

1.58194
1.57964
1.58136
1.58722
1.61102
1.61745
1.64617
1.70222
1.63195
1.63601

1.49639
1.39876
1.44262
1.41058
1.39654
1.40677
1.39931
1.38167
1.3846
1.36451

1.48281
1.46997
1.45737
1.46218
1.48026
1.45745
1.47115
1.46169
1.46882
1.48094

1.43136
1.40923
1.41339
1.41894
1.44633
1.40731
1.41445
1.46593
1.42314
1.41221

1.51509
1.49832
1.53837
1.52483
1.51925
1.70662
1.64913
1.60972
1.62992
1.69512

1.66504
1.61413
1.71129
1.66302
1.64065
1.70099
1.71356
1.73443
1.72437
1.62991

1.77728
1.89847
1.77429
1.75825
1.72899
1.90239
1.7633
1.79341
1.87805
1.97214

2.02776
1.85315
2.08343
2.09221
1.96479
2.01091
1.95573
2.05136
2.03118
1.91041

0.426765
0.404239
0.413144
0.408145
0.427541
0.423232
0.41708
0.410739
0.414376
0.416446

0.524032
0.48814
0.512664
0.521592
0.499934
0.498891
0.493349
0.506831
0.486709
0.487506

0.637072
0.627788
0.655117
0.638705
0.669295
0.685228
0.648863
0.617635
0.649973
0.677408

0.444396
0.448365
0.438761
0.436905
0.481978
0.442042
0.472998
0.440984
0.432126
0.418558

0.550691
0.514838
0.486277
0.482113
0.499299
0.486939
0.510393
0.508671
0.512478
0.505303

0.450136
0.448071
0.450962
0.456093
0.461744
0.443337
0.468517
0.447529
0.448579
0.464071

0.563118
0.575279
0.546611
0.549706
0.561794
0.582374
0.571982
0.543585
0.613595
0.578572

0.460019
0.463387
0.452561
0.450132
0.471629
0.457297
0.434256
0.497275
0.47756
0.453684

0.517029
0.546103
0.531111
0.53417
0.538444
0.534322
0.536522
0.53338
0.53395
0.543718

0.710882
0.735478
0.71697
0.704163
0.679528
0.700171
0.65603
0.688041
0.724977
0.712913

0.488583
0.48637
0.493838
0.471772
0.500597
0.483493
0.489144
0.487792
0.487362
0.504313

0.674637
0.633084
0.657451
0.615136
0.587746
0.56746
0.57008
0.564644
0.577957
0.585596

0.700217
0.704213
0.701423
0.754289
0.681878
0.70646
0.719462
0.715195
0.724402
0.740503

0.492307
0.524753
0.503456
0.489233
0.485524
0.518069
0.475434
0.490752
0.493918
0.495094

0.587075
0.616268
0.587163
0.580977
0.572408
0.584517
0.58347
0.574188
0.603801
0.607096

0.517272
0.538445
0.506669
0.528074
0.496974
0.51661
0.506779
0.518951
0.522969
0.531537

0.632749
0.632213
0.643479
0.625576
0.631889
0.657509
0.626377
0.656507
0.646449
0.62522

0.528579
0.540884
0.562427
0.518725
0.529985
0.521452
0.527038
0.522895
0.519529
0.511732

0.620382
0.609742
0.635751
0.62163
0.64823
0.632455
0.642628
0.626193
0.618718
0.631858

0.756839
0.766506
0.758005
0.745958
0.775768
0.836496
0.870052
0.907341
0.780068
0.793728

0.65748
0.64722
0.634555
0.650339
0.633153
0.673805
0.623457
0.633725
0.649989
0.636847

0.728348
0.730342
0.740874
0.702898
0.735309
0.749054
0.723952
0.755459
0.717913
0.717995

0.88009
0.8747
0.872309
0.864345
0.86298
0.857029
0.843613
0.886689
0.830908
0.86261

0.647464
0.656462
0.646233
0.665308
0.653386
0.679835
0.668653
0.666584
0.667727
0.6529

0.765169
0.753587
0.757749
0.747129
0.744255
0.766382
0.75881
0.74289
0.753135
0.767821

0.677005
0.706073
0.673623
0.701714
0.696957
0.705976
0.677364
0.701271
0.681937
0.666497

0.806969
0.782246
0.785604
0.785565
0.798309
0.793804
0.793172
0.782807
0.774741
0.794279

0.699317
0.688801
0.662661
0.665184
0.672199
0.697572
0.669307
0.688126
0.659591
0.682958

0.74759
0.765888
0.756403
0.791055
0.790163
0.748733
0.738792
0.73544
0.754058
0.754872

0.897015
0.905788
0.909153
0.893755
0.880491
0.906544
0.898271
0.919747
0.899803
0.926334

0.715467
0.732901
0.707557
0.693823
0.703979
0.690573
0.698139
0.712414
0.714418
0.7249

0.79593
0.777219
0.771826
0.79951
0.828059
0.799613
0.794678
0.784334
0.789773
0.857428

1.44042
1.28897
1.18604
1.22551
1.31432
1.44166
1.31411
1.29286
1.21626
1.1962

1.08339
0.881128
0.898527
0.88922
0.914264
0.847491
0.968348
1.0284
0.898643
0.958841

1.35865
1.2664
1.22092
1.18484
1.21062
1.23816
1.04024
1.20709
1.01475
0.869483

0.755271
0.75362
0.75928
0.748725
0.769098
0.752123
0.729491
0.781145
0.743754
0.754323

0.859004
0.862534
0.865739
0.878962
0.887932
0.909274
1.17589
1.06961
1.01682
0.868177

0.74886
0.734643
0.747552
0.759589
0.75111
0.738948
0.751123
0.758875
0.728326
0.717041

0.853892
0.827768
0.839103
0.843862
0.853788
0.816752
0.832669
0.829126
0.836573
0.824949

0.979317
0.964452
0.95953
0.978405
1.00668
0.960334
0.986712
1.01158
0.977956
0.967624

0.498068
0.482481
0.48301
0.518215
0.509788
0.513209
0.54703
0.520766
0.585585
0.55687

0.616328
0.592687
0.612473
0.625335
0.59317
0.58618
0.597819
0.615273
0.573023
0.584904

0.767571
0.718873
0.70333
0.734263
0.722379
0.745
0.705313
0.729108
0.708274
0.731987

0.525585
0.516324
0.565133
0.556231
0.5098
0.516562
0.519311
0.535439
0.527901
0.500394

0.612077
0.606011
0.608007
0.594448
0.603242
0.623304
0.591455
0.598521
0.609609
0.655879

0.546898
0.612184
0.576564
0.556282
0.531911
0.551137
0.577648
0.562633
0.546632
0.520466

0.626181
0.643223
0.673857
0.62355
0.647055
0.622155
0.635505
0.685875
0.656517
0.652596

0.547321
0.523416
0.566883
0.5716
0.572128
0.555476
0.537258
0.527908
0.539268
0.530367

0.631538
0.635044
0.668246
0.652153
0.637083
0.632704
0.664448
0.668379
0.680354
0.652842

0.81524
0.784022
0.790441
0.750856
0.775447
0.781391
0.791668
0.822324
0.775219
0.788723

0.752009
0.769431
0.751872
0.750359
0.754387
0.769081
0.7607
0.752998
0.752455
0.765523

0.829431
0.842139
0.863333
0.827773
0.847461
0.844227
0.833508
0.86901
0.813268
0.818527

0.961912
0.984594
1.03429
0.997234
1.01036
1.00242
0.96597
0.983045
0.984098
1.00521

0.751776
0.787641
0.755144
0.765044
0.751964
0.767164
0.755569
0.757789
0.766421
0.771479

0.876225
0.841472
0.8776
0.859655
0.870201
0.849102
0.85755
0.853878
0.85656
0.852453

0.813124
0.795723
0.790975
0.797619
0.804477
0.797704
0.848499
0.797252
0.82657
0.806315

0.932029
0.96171
0.935756
1.0243
0.968096
0.920397
0.990361
0.888324
0.935122
0.896901

0.82378
0.840368
0.806951
0.806672
0.808414
0.815836
0.806793
0.817841
0.799536
0.801991

0.877966
0.926658
0.871491
0.922556
0.927997
0.91588
0.922979
0.903649
0.939245
0.913607

1.02612
1.05443
1.05396
1.01939
1.02108
1.04651
1.05214
1.02393
1.01883
1.00425

0.503218
0.50787
0.495773
0.499853
0.50174
0.500367
0.484864
0.493051
0.497233
0.482407

0.566065
0.559466
0.611186
0.578081
0.591598
0.58911
0.586915
0.567528
0.573517
0.591659

0.73299
0.715886
0.734471
0.72169
0.711988
0.722774
0.718604
0.746249
0.727769
0.750859

0.517858
0.513605
0.498449
0.520612
0.498479
0.507723
0.503138
0.518427
0.5058
0.52784

0.621282
0.622914
0.611508
0.62228
0.590997
0.591509
0.593758
0.582772
0.609368
0.583782

0.53411
0.540152
0.537268
0.545586
0.531485
0.538687
0.555247
0.528912
0.531544
0.54833

0.630296
0.631417
0.642146
0.692803
0.656156
0.626558
0.611032
0.655918
0.64175
0.649216

0.547574
0.557666
0.568958
0.571335
0.558665
0.566917
0.594648
0.549797
0.569604
0.568577

0.652027
0.646018
0.653202
0.660039
0.644474
0.637532
0.642086
0.662174
0.662493
0.668497

0.783643
0.808651
0.781017
0.7595
0.811106
0.794011
0.791651
0.810272
0.763973
0.781622

