472.954598567677464870939729735
571.667573302716959915414918214
511.766723075777917983941733837
747.25089345285391573270317167
476.155024584028183198824990541
995.932629565748925415391568094
718.894017448988279284094460309
599.469587588992339988180901855
427.217937509547709851176477969
668.664425455137461540289223194

346.16100207601044758121133782
163.662135317421018498862395063
276.359053125332252420776057988
318.122330115597719668585341424
311.066404330811451472982298583
176.202445728507854028066503815
296.43038351551825826390995644
165.040932555616990384805831127
159.287104278029261195115395822
254.146992095320854332385351881

101.512691922132603394857142121
117.559246576417280039095203392
8.3990632171884627155122871045
51.485683372871996255071280757
22.2763633821308886240331048612
50.2853797206224513161032518838
179.078209238377496603789040819
33.2803457218639593406805943232
87.537364397964253726058814209
63.6252925711442287592944921926

58.4348280950895215823948092293
131.330178612621722322728601284
81.019095255211908579440205358
134.742363950907872549578314647
22.6214410378186130401445552707
54.9292462040350102370211970992
104.998840283165606024340377189
101.444676611162805102139827795
60.184506121397845390674774535
56.1521449180860656724689761177

24.8857731928816647837265918497
10.9896020195575303546320355963
16.1581289756266208712531806668
28.2884434647661784367755899439
11.027173058864436328008196142
8.11252128980883568942772399168
15.372789978494695972699446429
24.1632427835990348796713078627
11.2410024828902663784901960753
17.9782523886984897387719684048

79.6400628370784602338972035795
54.2365997934411794290099351201
41.866580727250578775056055747
47.9433898449367674743371026125
60.7062950849544620268716244027
37.2404734664679182287727599032
52.7246359421132524403219576925
75.3745447180184697799631976523
34.9605075209558648907659517135
37.6494531557974596580606885254

5.64155254719528276297069169232
4.95467382368362763145341887139
8.21726031287068181541144440416
8.98528767425940699808961653616
13.6583292972771062068204628304
11.9473390354715380823336090543
7.88014327748569609610740371863
5.63304371847517160176721517928
7.11350409597754840262950892793
4.95769906014983074982183097745

4.91420671240609419072598029743
0.486543329632262544492959932541
0.0215808527816491596551529141834
0.176570834120308606252081062848
0.00389146477857288007259906059687
0.128873151103203409384434507956
3.25174963275427897357872097928
2.49307668337359800148078647908
5.30793060024187113299376505893
0.080095323124121889368787208241

6.86327592497035213053806261857e-25
1.34906812874192125750397046653e-38
2.74516653760923531349788001103e-39
1.04145951736405954400571983998e-39
3.89668385973294830033400301731e-39
2.44793060501597764068028373771e-38
2.43943219903460472406398544914e-16
2.12903218494729945639372348799e-38
2.60324207958379891120516747821e-38
3.37480877729475746510199529625e-38

1.51098745773223621104022680444e-22
6.08186325733746719274097938969e-23
3.24028098631888731862730716675e-22
2.62685572679860537710651222014e-22
7.13498326442562784938132715756e-23
3.56078372753830889149125721652e-23
6.23417400630281784766999264947e-23
7.89260055333938971635527605989e-22
9.3480461269974147394351044936e-23
1.45249577049768149587514858373e-22

0.00184879909836070427560372753106
0.00209790111005014141484781298175
0.00868800046993805676065480980697
0.0224119337784608012309472968582
0.00469460210347051164897491659644
0.000138423511166784667190260416092
0.00255750510926602316053024566145
0.00128475845503476680461996117799
0.000890078069730759562604160972654
0.00107371560634561677080589525701

2.98107251502546298049627082616e-05
7.66831496600838430919080956905e-05
1.97891878216846439848038835541e-05
1.52607743889644887995676175718e-05
3.34956512416032981698833792539e-05
0.000206411021505938563260634799335
9.85965116425851032801955936558e-06
4.09274656687211361950559651568e-05
0.000363010538122796738713660147369
3.81864481477704834641931364025e-05

4.42658117822723121413978561445e-07
1.10641195288313151207037988901e-07
1.70373913689285755950666013774e-07
5.04587799197735800704484737667e-06
3.85892048523575648019375353148e-06
3.17795488009216528677305711552e-09
1.04513327920597519734473637709e-06
5.10495309334074719875449718809e-07
2.82863056187228732866343814106e-08
1.9792773855505830784183519868e-07

1.73085683147108925311022549487e-06
1.88333424648679694248960543417e-07
6.53506576606102896174089068176e-07
1.11038190159725415560225151245e-08
9.72961234838606453164059208009e-08
7.41739252962900658426782145652e-08
5.32734879826363341550180300569e-08
3.41924026499846355403372175075e-06
9.55040669323036057684816812563e-09
2.82068244054219551701157605444e-07

4.56085501147903124429846936656e-08
1.9879966866498612369910708413e-10
5.09851268978468591483417806059e-09
2.24216013052780450990980419925e-10
1.04963578773428175252067428376e-09
2.04677022059524539652698618252e-08
9.36183661739783066550149755181e-10
1.50939110028936340693729665358e-08
4.41108688786035002082882865886e-10
1.1850148496218619522777780375e-08

4.18418318293270702613276691012e-07
9.58746792913229194519791219106e-10
6.0990576420845319335182371269e-08
1.50349681887322488150332804729e-06
9.05596065420246664194698304161e-08
2.41070315396983237894925494477e-08
5.34442919783528809955783288148e-08
2.9314177711077716958123899095e-07
3.70712861656630546151831645182e-08
1.48696915887190209564795977809e-06

3.19189884785748749187377429348e-06
1.01888826778952827944418067422e-09
6.54409846857903231617664634694e-10
1.30287710434530997522906719979e-08
1.94418949454384663665530546042e-13
6.34553824819359025542238403567e-13
1.64727168728605999135048576108e-08
1.56331736186578792893875191944e-09
5.48950098267109551055268049225e-11
1.1170027020684960249683208202e-09

4.61280597869025772890527736791e-06
1.29567525703283220728591112938e-09
2.39440706114805772387588405758e-08
8.64137830974162425524279034471e-09
9.86303114695598585445144994185e-11
1.43622943800707025654521834019e-13
1.72354214305943404211475950401e-09
1.64539438147102930659658806545e-06
2.36227948971179561416341334892e-07
3.14891677033541982920484202036e-11

1.17159628958539726367199811346e-16
1.15019198496131208431248696533e-11
3.9229912683033465673572312347e-10
4.30703313718154896783039986406e-18
2.2381406222566288418251138839e-13
1.71287424485710416985313276142e-07
6.8754907744340972501056691524e-10
8.16392611746710317907961320985e-18
1.79202965489422861946781440415e-08
1.14217029475983211558425518113e-13

1.30377208181083749179151996891e-49
1.56253190941205659003040151588e-48
8.48806358456066618142997399957e-31
1.26399464577946639836025401137e-17
3.60643079916145420281047915075e-55
2.6001838567236246954296368365e-34
2.13686432600435489315935232786e-58
6.27318333428659743075139344769e-38
5.59330754714698506990032755837e-25
5.96938901871909193757046166566e-58

61047.0144721296455827541649342
107397.74991299631074070930481
91614.9455880694295046851038933
110186.072300564788747578859329
73704.2468757705064490437507629
144813.453529824910219758749008
81580.8380425525392638519406319
138083.868076262820977717638016
107418.574780845068744383752346
119623.793027278967201709747314

26136.7825577149706077761948109
33204.430166569043649360537529
35488.8349361373911960981786251
24926.745718783287884434685111
29545.2820120256328664254397154
55631.1856612011979450471699238
26621.664643386095121968537569
60515.0726655046455562114715576
50693.1878985720031778328120708
30802.917765906509885098785162

9967.87594514405282097868621349
20921.4996430623250489588826895
15288.8181262858561240136623383
7861.71861548667038732673972845
5635.47053804602455784333869815
4252.62442872531937609892338514
4867.47950814870091562625020742
10889.7009829596354393288493156
7593.61323919241931434953585267
10399.3593853794736787676811218

19354.3296935195648984517902136
17772.3634261809747840743511915
17570.0269326736197399441152811
13288.3077820872458687517791986
19579.8894548215321265161037445
27118.6078007056676142383366823
13895.5831311082692991476505995
23624.0519958477198088075965643
21122.5943235517697758041322231
16066.1099806794645701302215457

2693.85155589496707762009464204
1546.32305795989987018401734531
1200.44652255919595518207643181
3685.37820718723196478094905615
1610.88986161922503015375696123
1952.49999247500295496138278395
1784.82769874184191394306253642
3101.1594347372210904723033309
2731.07850097609298245515674353
799.072598942489662476873490959

6320.97384686377336038276553154
10838.7999160658509936183691025
10567.2264142953335976926609874
8689.47094219911559775937348604
7467.31335183506416797172278166
11863.2970067298319918336346745
7261.03743327455231337808072567
8662.54339674307266250252723694
6580.40138431220384518383070827
6255.85177231162742828018963337

1234.21358936322326371737290174
1456.87072393353969346208032221
1499.15073360265614610398188233
982.284730996082657838996965438
1035.66440365178823412861675024
997.561299774235294535174034536
688.589213733966062136460095644
1010.4780544114006488598533906
2352.84255908328941586660221219
1302.18503560220210601983126253

122.252935604310778217040933669
71.6266073750898755179150612094
860.882200959718943522602785379
686.334344624151754032936878502
1.41883956850206938149483448797
22.7447644241674282739040791057
195.65199812672616985764761921
43.3187459675747135179335600697
468.90583116436283717121114023
120.174757851424374166526831686

1.60486965792508058071431715588e-37
8.61460239511160402260337491876e-37
1.32397297060199764626272707294e-36
8.72145374343375974514941149795e-37
1.11178128601108317451396191078e-36
2.39964545648118282629567332281e-36
1.22298717341709098989234300922e-19
4.14241880002704981079581086939e-37
1.05987598174502452396394475677e-36
2.46459629101828545150367313647e-15

2.22920434276013764472472538464e-20
2.88300559144709180579871054026e-19
1.48249652652600605572182370307e-20
1.58562960877427748693091278128e-19
1.35569078601569626383534109769e-20
1.90646694951968644788849563872e-20
1.78844770301514316965996507533e-20
4.67991892878187037348406775666e-20
2.89082692796491459572560995237e-20
3.00671874088921542381350897889e-20

63.8245539173435361135489074513
66.8744931512373597115583834238
55.9825725763556363290263107046
88.4876434422263002943509491161
81.5506684797174870027447468601
86.4093600585229637545126024634
65.7578694152444427345471922308
109.792172951788813861639937386
74.1653515280823825150946504436
99.6084172147607347369557828642

24.0849008944235620788276719395
35.0358481629674827217968413606
50.1765770581535690553209860809
36.1183296517138714420980249997
37.719329612053400069271447137
38.7090257450072385836392641068
37.4309872325323667041629960295
47.6560365435676374090689932927
30.4799323224777012342201487627
62.7493268597574598288701963611

2.94204592156668454094869957771
21.8943114593510514964691537898
16.180139627670737212383755832
16.747765449244258917360639316
20.1985651798467067408182629151
26.1832341592542583441627357388
27.4384606073049148733389301924
18.8176212050996660707369301235
31.0795668817793107052693812875
10.4812052997121849529094106401

15.6036194090733992823061271338
21.480517389481107670690107625
21.0417942871103313962066749809
13.9419364739476794312622587313
15.0292233782136666064843666391
18.2082571680192977225942740915
14.9110852900800043840945363627
18.7328035534452226329449331388
20.0503629490094184006920841057
23.1516784350633955114062700886

4.76338641030994125458164489828
3.06165996858632860622151383723
2.62403238381210179852587316418
4.13264779806124860073168747476
2.47814032800702088721322979836
4.61189109406668062973722044262
5.16204073340903146771552201244
5.04484315425755180939404453966
9.48975182668503691729711135849
6.11500743406157454273852636106

12.0096843020596715234660223359
11.2607890542964241831214167178
14.7098004741106862525157339405
15.5329760443189250906925735762
11.7868234514201137841382660554
12.4386843558363668904576115892
13.7483245095640143063064897433
10.6137219821666608510213336558
10.316113791886875716841132089
12.0917303319736255673433333868

2.64561312704890339020380451984
1.69092169844326223326902436384
2.98890142692751004105389256438
4.02261457298434432772182844928
3.50224264236540960837373859249
1.67616662330031784833295205317
2.90584441621575528813536948292
3.55299097442971456572990973655
2.00682277623600668903236510232
2.73667028166704673353137877712

6.55620209635862188191730501319e-07
0.000426428238845346025201465955945
0.0784877005792019855068275546728
3.00204781801606084747232293386e-06
0.000148400475391516302242286839963
6.87134359481403839320010334263e-07
0.0114355259425570655873460879093
7.47733001598333734327370136974e-05
0.00350091564840396924848664461649
0.0304401795812598782720037604577

3.29444804577127450315037847011e-20
5.55987498617351786364653794097e-20
1.89237723014697194557349126992e-20
1.24367503018854348464944179374e-19
1.46844509759223490806185946292e-20
5.05423222511613570188492552395e-20
9.84333453574225637686308015097e-20
3.33640866560118023986985280117e-20
3.22849900745224725980627924306e-20
3.0612925756118325402856826565e-20

1.99816263972544553636655792437e-11
3.45979406086198446305915915817e-11
3.14259620347247483410307646378e-11
7.5824252212067940117493463843e-11
6.62732161563571588743562022474e-11
3.82276906041314292982766223664e-11
7.6911098142061261554708494907e-11
4.91886112366711200649457667313e-11
2.61584160673514365842185826786e-11
6.38103867272062328815026375898e-11

38.0356934976475073995061393362
58.6395737903769784793439612258
43.7119756892456905461585847661
48.1726707804558458292376599275
68.3867452472429420140542788431
36.9682230321370042247508536093
45.4397789671636260777631832752
51.2939371343754046961294079665
59.0496320275896167117934965063
48.8918830680855549530861026142

13.7906493362534323665613555931
15.7858500535535508646489688545
17.3204659573896684321425709641
20.2968906263003816548007307574
13.9300862582013778023792838212
25.7939536401173725721491791774
14.8293745092789173156688775634
24.4739949048063216707760147983
12.0928522983247095368142254301
22.7795504147012692897078522947

2.54103667897317420099057017069
3.10391439329844009975545304769
1.26058976717906978670669104758
1.39619081195875782697157774237
1.08919782900657002855382415873
3.64425254905017848017223514034
1.78399759452051887009815800411
4.79695133937235507204377427115
2.09584026301225412325379693357
2.36330350111688991532332693168

2.06721957120724120215982111404
10.6851082308982139323916271678
8.07122690073592607973296253476
7.46692027112123035692548000952
5.81203051678511872779608893325
7.75402176934179632183941066614
5.98068807686091563624586342485
5.44110477970062689223595953081
5.92920973659877326156220078701
6.5457043690627960685901598481

2.36278241311382286582443157386
1.35653709551421064460896559467
0.965083693423517074982953545259
1.21671420603585489494946614286
1.83908150970974593185758294567
1.71475259130837520693546593975
0.661217520934237912300091011275
0.71179490654750254829963296288
0.26080850338325656245785921783
0.649706251230229181459208120941

4.64638354992319602132511136006
4.05316946028180336014656859334
3.67003439177961965356189466547
3.1673211596717290028379920841
4.33753631900282599076490441803
3.90671427310436314428443438374
3.53732198177536627525796575355
4.82743282742633361692696780665
3.06810576524146805255099934584
4.47335043994527037369834943092

0.803227146854892048999374765117
0.25156062315374577709192749353
0.607653236945156827175651415018
0.408696208450958331503954923392
0.288127150958368660749187029069
0.946672728246858330436452888534
0.317254353652497600446480419123
0.217244901724053141034431746448
0.446939657639095377916760298831
0.522113760023852568892266390321

0.00523932739633084856856193312069
0.114845177997767014521635076107
0.0673360764915644366412905696961
0.0423701581707747465532776232067
0.0540965401925596542365148877707
0.013901758761911957307244591675
0.00814723965248332314403878484654
0.296899473175447015105277159819
0.105130978987500289800749442293
0.278633589372246692761336817057

3.88440305386170694779836670483e-39
4.192866442111187098914049609e-41
4.29738133865781454655269005368e-40
1.39425907528077735751264688003e-15
5.680792603956070878738046026e-39
3.48262085412191185204324074176e-40
7.48527392748770884150708022476e-40
7.16830494752849169321808064925e-08
3.55381938464284650722040097322e-40
3.06429940575874833382083168674e-14

1.08531732804791470603968396482e-23
7.15014950659117257891206573753e-24
2.51357013861980664238138556135e-23
5.20668661181058389603367473613e-23
3.48633306862632438219769838167e-24
1.81296596550048294133640713459e-23
4.62957298679470997638982542069e-24
1.94706459558078517381031380591e-23
8.79433692362540575016807665279e-24
7.0396863563364449033231190653e-24

13.9412878650865472707209846703
15.6388885274518916190800155164
15.8770771962096191032287606504
16.8966939117987990925939811859
16.1556934792802060485428228276
14.7407586550858340501690690871
17.6477197197565445208056189585
16.6640292673878711582347023068
14.9041370369311589882954649511
17.3948023149005770449093688512

13.5958020726016144408276886679
15.1944106451649005862236663233
13.4424344928026968659651174676
12.2776203628740709916655760026
13.6108283924576838330722239334
14.5672830117147711348479788285
13.9342044414668144725055753952
13.9034745387515208392414933769
13.6888405716599912409492389997
9.64949457081582551154497195967

8.50474893004403398322210705373
7.35264477537293714703992009163
7.19914968956341461137071746634
8.67052575524057367317709577037
7.84529027848114779430943599436
12.6381651838561062106691679219
4.59422472608927101589415542549
8.42687309544344209655264421599
10.8192430550764022711973666446
6.31972377280250796616201114375

8.66501148584293900967168156058
6.57569631067309501304407604039
9.33474308558944088076714251656
8.60686681375255346893027308397
7.89441994512925937499403516995
8.78981278195098525429784785956
10.283420938140437783658853732
9.06334162887693040033809666056
8.28441266801257825136417523026
8.50422390443335096676946704974

3.16823355478214674363357516995
5.1403548876038502868368595955
4.37753065433032251263512080186
4.70760190260708100140618626028
5.0377148268370817163486208301
5.06468469863830339505739175365
4.79862176314959221201661421219
6.797147375767055521578186017
5.22639486731308444689148018369
3.47115216468321552412135133636

7.84444622290696003119592205621
6.31432287513918133470269822283
5.27360458944893117916308256099
5.96250694504441991483645324479
7.75503725641354080266864912119
6.17801084858571236679836147232
8.50179855604094392163005977636
7.07873688036163706271963746985
5.84963290004909985952963324962
7.07965204451242335892402479658

4.09981580115492327820447826525
3.28538738735828905745961492357
3.52963566096594050236490147654
2.89203385867079498794396386074
4.67268095779002656797729287064
2.85208250850060807124464190565
2.41181943705190615645506113651
3.05732546552648143389774304524
3.73372155823423490517143363832
3.22954580517587475085861115076

2.49486249007327964832825273334
1.64682700362835854335230578727
1.34060796115672919981420818658
1.15589384681789963948972399521
1.89890814133944374475504446309
3.65273528050673590428232273553
3.15791327749124528523338995001
0.63676284307374908522092482599
1.34766520865739725110188373947
1.39587149346144112627143840655

6.66133814775093924254179000854e-15
3.10862446895043831318616867065e-15
6.66133814775093924254179000854e-15
0.000118866191614941385523707140237
6.66133814775093924254179000854e-15
5.94733136516367721924325451255e-07
6.66133814775093924254179000854e-15
6.66133814775093924254179000854e-15
6.66133814775093924254179000854e-15
6.66133814775093924254179000854e-15

3.39244188296561333118006587029e-11
1.83706383438675402430817484856e-11
1.3286705069504023413173854351e-11
7.53130890984721190761774778366e-12
2.78030931610828702105209231377e-11
2.38489228365779126761481165886e-11
3.31534799613564246101304888725e-11
2.22608598221540887607261538506e-11
2.02606820209894067374989390373e-11
1.80899739632423006696626543999e-11

241.215085287860574680962599814
183.987186365706691049126675352
174.970634130050427756941644475
112.835958402811769474283210002
178.121001406745961048727622256
213.727786545657579608814558014
175.453891520905472134472802281
143.469484232001889267849037424
184.774454299987269223493058234
142.523013171388299724640091881

128.80601975777503298559167888
101.260511659506562409660546109
124.141953638212271471275016665
119.845772230940326608106261119
118.700412342532558795937802643
99.6640020592207349636737490073
129.419842527638934370770584792
123.565865580442135751582100056
135.434151615811913416109746322
93.4233487501768706806615227833

66.3886818580758131247421260923
83.5633359198346568064152961597
71.5081417675747275097819510847
73.5389864015471630409592762589
76.2747110173742726146883796901
98.7934288826261592930677579716
59.5828104715033362026588292792
110.490765544890109595144167542
59.016605300692276614427100867
61.2597004833842504467611433938

115.618025469249886327816057019
65.2843901477297663404897321016
41.1828722974765923936502076685
33.0732288484692276142595801502
51.4077138774991908576339483261
42.6337134098722572161932475865
24.793196875550336244486970827
39.183494611385697226069169119
40.5619309940740322417696006596
34.5041169895927737343299668282

116.269538667299684675526805222
141.829844539311949347393237986
149.4737367927411071377719054
147.449600671422729192272527143
144.002894311219762357723084278
136.497274147312907643936341628
140.610193588901466910101589747
150.358303965540869739925255999
138.296101280965388014010386541
145.607851078246056886200676672

37.4408107878875853202771395445
17.9644067350590717069280799478
30.664745725611055604531429708
97.8767593068627945740445284173
70.8840693216988029234926216304
17.4152433630529230867978185415
86.1142808114600484259426593781
80.2745548621307136727409670129
47.3176534174899643403477966785
107.933203307349145916305133142

141.651712787068959187308792025
124.123136659898477773822378367
138.402469585917572203470626846
107.855272959167848512151977047
140.016382707687085940051474608
138.76724816184537303342949599
130.190697967623407294013304636
139.003976546740517505895695649
131.471139847617394025292014703
130.051368036635665248468285426

22.8930463477741454880742821842
21.15743903564191441546427086
12.5630333214033385047514457256
8.20230792814459164219442754984
7.88799713091555076971417292953
15.5343620699807729579333681613
9.11625968337824588161311112344
9.20357123001480204038671217859
7.84694910475730011967243626714
14.7268644420528858063335064799

152.665552567121608262823428959
167.975177578076880990920471959
148.547084043333711633749771863
153.755485876642836728933616541
166.394520194755983766299323179
152.043254635932498786132782698
152.492425691453064473535050638
137.996257665715802431805059314
160.361041702373285033900174312
159.589050448083440869595506229

182.917292748430327264941297472
163.869712352386358134026522748
176.716867695485035483216051944
189.570651778059925618435954675
158.245636929893549904591054656
172.705487997954037382442038506
179.573222771492680749361170456
182.385841694998305229091783985
161.390020895103674547499394976
170.667279903082857117624371313

216.15624663790256931861222256
194.943890957934655716599081643
254.099747945509932378627127036
184.326767886427091980294790119
233.654728448033097265579272062
221.151644602588334009851678275
321.341506960525293834507465363
326.48366774841804272000445053
139.369037158596000836041639559
146.583363822630758477316703647

69.8760870882111220225851866417
51.8688626843106774799707636703
116.586721766834827462844259571
109.422896134214951757712697145
64.0474565238343558348788064905
63.9910561062245548669125128072
40.9077795022749484132873476483
66.9202115853817076640552841127
80.2098345362650348988609039225
123.11757483977598326418956276

16.7916638809668299359145748895
47.9548730691376192680763779208
16.885657838991605217415781226
24.6429321803014254044228437124
12.9069765402157514699865714647
33.9221114619946746415735105984
13.4039546956529740384667093167
22.5400362975311701063674263423
27.5791208166575181337520916713
24.5660863038779915257237007609

86.4450124567712521184148499742
57.4656001092168722266251279507
36.2326054594998723246135341469
60.3284776537345805991208180785
47.8828005787362371847848407924
148.377361455944850376909016632
146.378126567995821005752077326
70.1172124938084522227654815651
130.286977391336449727532453835
75.7518443527245040058915037662

38.856857280717512992396223126
9.71784221326125852158384077484
7.84272743465911048588168341666
11.2065486458468228647689102218
14.7545188874598505179847052204
20.5670042730633788607974565821
16.7934848592174290615730569698
10.20710227912871381761306111
20.5441162488505959515805443516
23.6925698187033901831455295905

31.7911641877906063768932654057
33.1319074219083447019329469185
79.5974559347116752405781880952
74.3011376330806996293176780455
79.859015563689283112580596935
104.287513494727477336709853262
72.9131877430901624848047504202
26.6943153267381845239469839726
52.6424878249047267786409065593
117.057888500638540563159040175

20.7285173629431227482200483792
18.8968977583728019453701563179
9.53601115247409403252731863176
7.30833296359253115070941930753
17.5904196045016334437605109997
8.85516583815899949172489868943
16.3625224064150103231440880336
10.7536022185454829269701804151
8.84320413471580657471804443048
5.10262140729962077045911428286

12.1791068344070172457804801525
0.711944630499807384893529160763
0.0747170891705133399796068260912
5.0074938886244115821000377764
0.747043349674009204974822750955
3.95948191602849863812707553734
0.153531554509143547404548257873
0.447802613722630693526838285834
7.28825028841305222471191882505
0.0428250732228585423433386836223

1.62926429482997025138856830758e-35
8.5804560987420806682323549203e-34
2.74731923464348618654291419891e-34
2.05672352140648538652881107589e-34
3.23660233244568765278014469615e-34
1.42081415335657123020845701844e-06
6.69055273101966192112445826917e-34
1.58205891199584546838959724394e-35
4.03432194639614971824649710159e-35
2.03698736233418186548332446338e-33

4.1468783826305269281299122368e-20
3.46753982002790134986142070872e-20
5.0418484066308666308676898951e-20
5.67712843435541679165498956405e-20
8.44391903516263838528787936758e-20
9.29882915678151226074761323857e-20
1.63742681896879255772295566878e-20
9.13228896984753487051129495102e-20
4.44801370003592156058089343103e-20
1.62768363463795455128592031963e-20

190.279774141031623457820387557
171.193599203689615251278155483
185.240647109590213403862435371
182.580544187299324221385177225
128.041742397197765512828482315
144.046388507632912023836979643
118.585457736263236938611953519
210.259451395950776486643007956
127.952328811793876184310647659
135.25923484721147360687609762

54.8147850219011516514910908882
62.6103151128734083386007114314
38.5563509169294320599874481559
45.3985925023318230842050979845
53.5631769860637447777662600856
79.819328667323716786086151842
82.5887594260859430050913942978
65.2982534327366295201500179246
70.3136069851752836257219314575
40.2709992416401263426450896077

11.699558401655075101643888047
16.226863628109143178335216362
3.34109252060352135416110286315
24.6196880572946454890370659996
7.87973227263889874905089527601
7.28423429474308026243534186506
8.60549694567989575944011448883
6.72084977899984536975352966692
10.482242821362767415394046111
10.2758205085222158459146157838

17.7266039559320667251540726284
17.852934979200625775774824433
24.2605313239151954007866152097
15.8877481443102563929414827726
20.0751070181475022025097132428
23.7325671092417920249317830894
18.9843448965228809299787826603
15.1834000983485601921074703569
13.2645492636146418163889393327
26.6866457149484475053213827778

2.34660026307100944009675913549
6.7545894024760642082583217416
18.0507353166864916715894651134
6.02740040276963728871351122507
12.0643401989658887174527990283
7.53948652182724288195458939299
6.32222601331885503128660275252
2.95118493559886418964310905722
4.42279063320511767187781515531
10.7764735685784867058600866585

9.8449940899768293434135557618
8.40495591425087695824913680553
18.1990259779258032324378291378
8.68670685714625889772833033931
17.3026366695847038101874204585
17.7396746033276464515893167118
15.3083246365649685571952431928
10.2453818617293741510820836993
14.0122968255319424457638888271
12.5519019867841450377454748377

1.70897761595141806090225600201
3.62315266323724571861930598971
6.25410494890970536374652510858
5.95329525825245742254310243879
2.48208204176992364153875314514
2.76839246006528050259021256352
2.35935947524896683091810700716
3.40489256381065530376872629859
3.515404949534050249582151082
3.75326263290344908085671704612

1.72239856476667330120733367949
0.362042904783545171909509008401
2.82532508884371669211077460204
0.0475833007566700549872962255904
0.123480130367655815959437859419
0.169143422620271821621429353399
2.19238281860082118157606601017
0.654331117159301034469365276891
0.707657554257405951858572734636
0.538029430821508336535430316871

0
0
0.00739604033411489503180291649187
0.0123160725192615894130199194478
0
0
0
0
0
0

0
0
0
0
0
0
0
0
0
0

11.1670622381008204371255487786
10.9812045034966843104484723881
8.64973788220180317409813142149
12.4758332138100271890834846999
11.7473956540310950913408305496
8.63050178465463346810793154873
7.18978579535395123656371652032
11.6804776177206797171947982861
9.20949977073937020577432122082
5.73179747043541087947460255236

1.53176019803087060111579376098
5.78793766426407785274932393804
3.05019858084057382541232072981
0.715668315676703192806940023729
0.866900595393029771429382890346
5.48687805613967949369680354721
1.0396314432584767839529149569
6.32314094006114668644613630022
3.2557728558206120439422193158
2.79885430315704963888379097625

0.254889647456116863466490940482
1.19054466439922501663772891334
1.92815837270141221537755882309
1.01654486569019564257132515195
0.73065997686335604210938754477
0.257455633888700519129599797452
0.236018443167026165108168811457
0.978935955875480878773942094995
0.108918101585156731903047955257
0.85639987283154717090383201139

0.0838023344637501416132252529678
0.326156821775717697953211882123
0.39725624931290182129117738441
0.418678170338208199829921341006
0.384655555726069853239579288129
0.22110655819559027479570545438
0.587670941385625367203715541109
0.176842883725961658170078294461
0.282806688218435908765968633816
0.305058703011246934444500311656

0.114894438732726839047515454695
0.0703005368093649191107985529925
0.160596567343567503405310503695
0.12176538010532106381944572604
0.055919615561677606108137439378
0.259451429215818096807311121665
0.0944321666269047343966747121158
0.0606935080060544765445662562797
0.169173332562046335736383184667
0.154500041834527174211544320315

0.136133337397701226212376468538
0.0438801721451732920642463398053
0.353360130265547134342796198325
0.0207113513129365926779268392011
0.15723989383132400132758732525
0.141058255650245850665314151229
0.093500792631631551854454187378
0.235502560568655899819745513923
0.232321888515411745235184071134
0.111683436633290639194981963556

0.0414619908847716489574963816267
0.0776802800456606740153731038845
0.0516995991296024248740081930009
0.108797693218382604540828140216
0.0613737052418983214385761471021
0.113645017387687785603844758953
0.0565174795210426350600130263047
0.0640559770003341633071158867097
0.0348591129450994685612386092544
0.0225833020395283419479159903176

0.0332995607387063657922610104833
0.0274143570707417877363454294937
0.0310658621033052077808900293121
0.0268768265023368729815800293181
0.023133422921789242865386881931
0.0215841781687515325838244706347
0.0289783973115302836975892830651
0.0239440539974423056979180302051
0.0220846844611240905598137374
0.0246515527894973288103308561858

0.0458834982009053218843241950253
0.0199088533733802752756503195997
0.0483791635839711173239230390664
0.0571909230931604770087339772999
0.0580369484431814686153927596024
0.0427190193654582439641842483979
0.053628106612582895906804481001
0.045946860787385648827729767163
0.0519082378436969762991459731438
0.0365664425953063157437306074371

0.0556615157804171700739459538454
0.0738419754514304110815103854293
0.0669033459742652547586061473339
0.0651292705069621141733549052333
0.0536623633724280998946731813248
0.0744795085666763029275116991812
0.0651875086480432353042147042288
0.0635015568068183211547506061834
0.073820815011136020622473097319
0.0456588405261327198725318510242

