0.416354489999999965998966899861
0.50340289000000004726587121695
0.587159479999999955879275148618
0.412109460000000094037631015453
0.48776951000000001723577724988
0.442929789999999989902335073566
0.523893369999999913844135335239
0.441881789999999941009889425914
0.530104789999999992389234648726
0.642434120000000108419158095785
0.418961559999999955117289118789
0.474514180000000007630944764969
0.616066569999999980034033342235
0.42891326000000001839040919549
0.507355629999999946377897686034
0.466014959999999978101925535157
0.537239280000000096748635769472
0.443843389999999948791753467958
0.537583249999999956969531922368
0.660670259999999953670624108781
1.40569339000000015360569705081
1.52389111000000010420762919239
1.61749976000000006415291409212
1.40817449999999988463628142199
1.46926257000000015651153262297
1.42422886000000015194189018075
1.58863714999999983135126058187
1.67973840000000018690684555622
1.82465687999999981450116592896
1.99809358000000014676800219604
0.416170609999999996375663613435
0.501964920000000036637288758357
0.650708440000000054581619224336
0.445711110000000076958315275988
0.505700299999999991484855854651
0.453903829999999952615752363272
0.568661670000000007973994797794
0.461779980000000034312535035497
0.534874739999999904149774465623
0.702915410000000129286945593776
0.489326319999999981291693984531
0.603379049999999916842341463052
0.714804040000000084909004272049
0.496853850000000041298164887849
0.589696349999999980262543886056
0.518427920000000042044518977491
0.637796699999999994190602592425
0.528324760000000059889657677559
0.628758590000000117115064313111
0.799076070000000027171438432561
0.644057010000000040861323213903
0.730214490000000049363393372914
0.863527240000000029240823096188
0.660455110000000011893916962435
0.755692770000000124674954804505
0.688841710000000051472568429745
0.789749660000000019977051124442
0.678571730000000039595420275873
0.758299480000000025725626073836
0.903690040000000083253439697728
0.709417079999999922179654276988
0.799836980000000030699425224157
1.29163494000000000916372755455
0.936825649999999954253837586293
1.16111525000000015417356280523
0.75468296999999995300356658845
0.939394659999999936950132450875
0.743606559999999916499291430227
0.835848150000000011949907730013
0.979258880000000053733799632028
0.521502130000000008180904842447
0.599719109999999999693898189435
0.72660989999999991972856605571
0.527268039999999937883501388569
0.610255259999999966069594847795
0.558235449999999966408381624206
0.646651459999999955741145640786
0.547162420000000038200482777029
0.65227922999999998765474629181
0.787533099999999985918464062706
0.757881400000000038374992072931
0.838867639999999914479644758103
0.992913439999999924978624221694
0.762998960000000003844888851745
0.859469659999999913146950802911
0.807825899999999874623313189659
0.945299169999999966407244755828
0.81281812999999991653510278411
0.912202759999999890361266352556
1.0320641999999999871562295084
0.496637609999999951604365833191
0.581512379999999939883537081187
0.728328020000000075917512276646
0.511193149999999985055865181494
0.603017090000000033356286621711
0.539132049999999973799447161582
0.643729149999999972209252518951
0.565374099999999879528900237347
0.652854249999999969311659242521
0.788544689999999937057850729616
