595.729309082031
247.072143554688
563.522521972656
297.949249267578
690.746459960938
447.332580566406
485.310943603516
746.965454101562
747.637512207031
879.343078613281

142.507858276367
259.220123291016
255.332107543945
231.531219482422
216.803070068359
174.640747070312
159.981948852539
333.875396728516
285.751800537109
129.936737060547

82.204460144043
52.3540267944336
59.6303825378418
91.951774597168
35.0701370239258
66.3314514160156
36.6180191040039
33.4502868652344
44.2441520690918
114.334426879883

79.6119918823242
127.957695007324
51.3945503234863
92.8602981567383
24.0553359985352
69.4453201293945
95.5115280151367
87.5431900024414
78.4738998413086
92.3639678955078

16.8103160858154
7.94218111038208
11.1516494750977
5.41441297531128
18.7169895172119
7.53596019744873
8.40897083282471
58.0750694274902
17.3660736083984
8.87279605865479

60.4968872070312
45.1914596557617
30.9956169128418
26.8653964996338
25.726770401001
44.6731338500977
41.9192008972168
33.8647766113281
32.008602142334
39.2814025878906

11.9422912597656
8.56869029998779
3.25136923789978
13.4674425125122
2.7475438117981
8.20001602172852
9.45158958435059
6.4030647277832
1.26287126541138
8.71368312835693

2.25850629806519
0.255379140377045
8.49036979675293
1.83953046798706
0.101813524961472
0.193874761462212
0.534360647201538
0.887363612651825
0.089109979569912
7.16804695129395

1.62812244284968e-39
5.52283786499274e-38
1.250593999291e-38
5.08195741851117e-39
1.05976979870418e-39
2.87658268496906e-39
4.04155636718089e-39
4.27348992832219e-37
2.45032058406732e-38
8.50573642167545e-19

4.26310530601022e-22
1.1903497065582e-22
1.29722899961861e-22
7.60256745688825e-23
3.98352826803446e-23
4.98599774958656e-22
4.89719359489304e-23
1.75591917804421e-22
8.66822766306556e-23
3.76560342348324e-22

0.000388185289921239
0.00112609891220927
0.000730667787138373
0.000421397300669923
0.000385481514967978
0.000140015239594504
0.00481990398839116
0.00343504967167974
0.0229267198592424
0.000125979131553322

0.000276447244687006
6.29735950496979e-05
2.03041872737231e-05
0.000224314033403061
2.0949717509211e-05
3.54109251929913e-05
0.00133211317006499
6.48496716166846e-05
3.11976400553249e-05
2.07704215426929e-05

2.62808862316888e-06
1.85334528168823e-07
7.68200038692157e-07
6.49599883217888e-07
2.82906671600358e-06
8.57512532093097e-07
3.41359691446996e-06
9.46475722685136e-07
1.22279203651487e-07
2.43153806422924e-07

5.18945910243929e-07
8.27397798275342e-07
2.81149340253251e-07
2.51184815169836e-07
3.12074894281977e-06
8.62867288731195e-09
2.84261094662952e-08
9.64036757977738e-07
5.25680263763206e-07
5.70332261418116e-08

1.97618685859879e-08
1.78390702210152e-09
1.36639224379564e-08
2.69318416457054e-08
8.65796589977208e-09
4.85002697725445e-11
3.22227140803211e-11
2.69120253859612e-10
3.54713058925427e-08
1.95605442954161e-09

9.60111378844886e-07
2.2366380747485e-08
2.03131094167475e-07
7.1156165404318e-08
2.338210833841e-05
4.25644977042339e-08
1.41352165883291e-06
9.38818573104072e-07
6.87972999457998e-07
2.40841109189205e-06

2.69052592705155e-11
6.04558891836859e-08
3.73515593454776e-11
1.65861005485546e-10
5.21022025523621e-09
8.34078292544227e-11
1.23807637919526e-06
9.49177463515326e-14
5.54302853617017e-11
1.9003819351493e-11

4.15381471441378e-08
9.18606257727106e-09
5.8644293015927e-18
2.34036870922478e-16
7.63406404757916e-08
1.29622232947213e-08
1.09283490701273e-07
1.37102142616641e-06
8.13199119154007e-10
1.48714429659691e-10

2.72628967842761e-15
4.29921330198473e-14
1.94263259494109e-25
2.22412612616472e-18
1.57136775108795e-14
2.60373036370702e-15
3.61696349954199e-14
3.06235993965299e-18
2.46061682043341e-14
7.0852167449037e-13

2.00958823164317e-31
1.59159489981253e-34
0
2.84266910720605e-23
0
4.23114691639171e-34
1.40129846432482e-45
0
0
2.80259692864963e-45

142424.40625
94108.078125
125170.515625
94440.828125
104682.65625
77365.078125
77187.828125
97731.609375
100150.0234375
99543.1328125

30306.86328125
25911.29296875
34801.9296875
23253.65234375
68246.6015625
34645.6171875
45492.65625
28930.82421875
61989.671875
40179.34375

6206.21630859375
15973.50390625
2100.27197265625
6536.939453125
4479.5751953125
14693.681640625
4961.85595703125
2165.169921875
4646.380859375
9464.611328125

7745.8779296875
7678.48876953125
14647.056640625
14038.080078125
8105.49169921875
18214.439453125
12132.9248046875
19364.58203125
9348.2216796875
8069.599609375

4647.81982421875
2848.17309570312
3128.2783203125
4704.25341796875
3458.24047851562
4047.11596679688
1267.6767578125
1848.78259277344
2933.97436523438
4507.17041015625

6489.21435546875
10835.552734375
8609.9375
4265.6015625
9569.146484375
6207.00927734375
9836.4970703125
6730.56982421875
10623.1123046875
7923.521484375

1045.77404785156
1549.35412597656
807.038635253906
632.338073730469
989.290100097656
1158.81799316406
2343.1923828125
1649.24426269531
2449.49438476562
1378.75634765625

162.428924560547
234.747817993164
99.8921051025391
1502.33190917969
218.238830566406
681.962097167969
1.04331123828888
1836.06469726562
399.959655761719
197.052154541016

2.33567576044194e-37
1.5934793067965e-36
3.33696931369375e-35
7.32799144356699e-37
5.34257052575311e-36
5.41463556150384e-36
3.04947692978802e-36
2.5149889611624e-36
4.89347971663735e-25
1.50995463605488e-35

8.29592522585216e-21
2.06767300416069e-20
7.36547870708142e-21
1.38637506303676e-20
6.83467593865386e-21
1.14110509004576e-19
7.50780627902239e-21
3.1324121338207e-20
2.29061530446735e-20
6.8199109262785e-20

65.8645613311922
81.1744291708916
85.4179306030273
87.7608720290435
69.1722262116168
83.2324752921018
76.4848415192823
44.9091224670686
49.4867973327671
57.1921348819016

46.1235275268555
29.5828266143799
30.5350112915039
40.8293647766113
41.4683837890625
43.7157020568848
38.6134605407715
57.0954742431641
35.957202911377
52.4160270690918

9.17823123931885
15.8212938308716
23.4035205841064
5.5711612701416
5.97943067550659
15.8530225753784
41.4901962280273
19.5526714324951
30.5923728942871
15.7593288421631

20.0073013305664
18.5215606689453
18.37939453125
20.7914295196533
13.8564586639404
17.9323062896729
22.0113754272461
23.8592872619629
16.2031383514404
17.5549926757812

3.62981367111206
4.25667476654053
3.24506044387817
6.50290441513062
4.21130704879761
4.92933034896851
3.67534327507019
5.87249422073364
4.10775232315063
3.64946484565735

17.1021747589111
15.8096370697021
18.3727684020996
13.2034769058228
12.0456867218018
12.2790403366089
17.95778465271
11.2102518081665
13.158447265625
12.7259731292725

3.71473407745361
2.17330837249756
5.7685604095459
2.2591495513916
3.2647716999054
3.23215556144714
4.06400012969971
1.42277944087982
2.50777196884155
3.54187941551208

0.0093026477843523
0.494546324014664
0.0494351983070374
5.59631644136971e-06
0.00263363239355385
2.54156220762525e-05
0.0328732244670391
7.87128374213353e-06
7.75684238760732e-05
0.0050055468454957

1.90134039234948e-20
9.33458296305747e-21
3.0005227087931e-20
3.99164987251928e-20
3.3297140969602e-20
3.87566493347257e-20
2.68306775336015e-20
4.78254407492765e-20
1.97319346857064e-20
1.0653304991745e-19

5.46613448948463e-11
4.20766171904674e-10
5.79537910716521e-11
4.63454413734965e-11
1.23815069308364e-10
3.29767775586465e-11
2.42989118409698e-11
1.81770903884271e-10
4.83663109562826e-11
6.56237494900402e-11

59.8761940002441
62.0497817993164
24.6656093597412
44.9964637756348
27.681941986084
37.9712867736816
68.0428924560547
37.287181854248
68.6110305786133
70.9618759155273

11.7738790512085
11.2856912612915
11.4396753311157
19.9441299438477
16.3311233520508
31.5007953643799
12.7990474700928
12.074613571167
19.9646091461182
17.5506420135498

3.0621817111969
4.2054877281189
3.81891751289368
12.1668968200684
6.70983505249023
0.920109152793884
1.76856231689453
6.51874685287476
1.33187615871429
1.49557054042816

5.83476495742798
8.43783473968506
2.75401902198792
3.06819796562195
4.70103740692139
7.28573274612427
7.4430103302002
11.8740520477295
5.74123620986938
4.0390477180481

1.438605427742
1.76399505138397
1.63511443138123
0.455020725727081
1.34168934822083
1.95399105548859
0.58181220293045
0.247735574841499
1.31314289569855
2.27044582366943

2.16972327232361
1.67317593097687
3.67885255813599
1.73915302753448
4.12732648849487
5.72518539428711
2.22460055351257
4.71157836914062
1.82176411151886
3.12413835525513

0.671289145946503
0.0742694810032845
0.989898979663849
1.34568762779236
0.530769646167755
0.560727596282959
0.296235293149948
0.942089259624481
0.500869691371918
0.944213151931763

0.026855805888772
0.0406972281634808
1.78915989398956
0.0113217439502478
0.232162415981293
0.00963080488145351
0.0106515791267157
0.077356368303299
0.176043778657913
0.0135767851024866

5.4783478001466e-35
3.81437645884608e-40
1.71456153862156e-39
1.55862728758904e-38
1.87685523633344e-35
3.92367213386956e-39
8.24781855326158e-40
2.64396994248806e-41
8.30415495542283e-39
2.29971294875739e-39

7.29177345739891e-24
1.13703350098244e-23
2.98807384252256e-23
1.77398156841887e-23
2.51573994397655e-24
1.80761796632877e-23
2.27972739450421e-23
6.38336975389206e-24
4.18045595453976e-24
2.7567978111404e-23

16.7709484925826
17.2203780046065
17.6285315385421
15.1228876939376
17.2042513719161
16.7289610734542
16.8248968949874
17.6831599107344
16.629378401335
17.1256571641524

11.9212427964766
13.8181439271529
11.9749976029952
12.0786219468672
12.4033356538375
12.8581724992354
13.6276036134322
15.3842993608077
14.545092665251
13.9867392411788

7.31944855361774
5.20223721175983
6.96920117050006
9.15818508773639
7.73175438552692
6.4739237657149
6.45090206771686
8.23679741531207
5.79482754379108
5.82484921127154

8.87470158248736
11.0248356690963
10.0152283540328
10.7340021958907
9.33723076492145
10.3306246629317
12.2905035844405
8.3090182176192
9.31073673873736
11.9404373994429

5.53820141464069
6.07952221542194
6.40765293746783
4.51927097946002
5.00098713546588
7.53942688613727
5.80738552718951
5.308785521086
4.94669445663287
5.97759350448444

9.1509896150191
8.7440825334151
7.41607292800738
6.44703014999225
9.05079945236041
7.52474697738483
7.70610245376422
7.84444149642779
8.62159641891315
9.78664120345904

5.18653973251178
5.24743183761432
5.51931294112994
5.04707821517779
5.50095661788776
5.43638523727252
5.6572733750899
4.28584583907916
5.45232494979694
3.40665920883014

3.11681278854205
2.27822598129108
1.95244320541217
2.05692394882037
1.90995129257037
3.3230563035567
6.15259274154498
3.53315266280963
2.2619162431319
2.42592915206744

1.71828373580768
1.71828373580768
1.71828564315631
1.71829136520221
1.71828564315631
1.71828373580768
1.71828373580768
1.71828564315631
1.71828564315631
1.71828373580768

1.71828373580768
1.71828373580768
1.71828373580768
1.71828373580768
1.71828564315631
1.71828373580768
1.71828564315631
1.71828373580768
1.71828373580768
1.71828373580768

137.110610961914
239.893768310547
178.9375
132.447845458984
212.881744384766
145.417526245117
156.399139404297
159.365051269531
169.0283203125
146.123077392578

65.8553314208984
91.1817321777344
140.607864379883
132.848129272461
118.041412353516
182.038909912109
153.074768066406
134.199920654297
169.371780395508
125.586227416992

120.685195922852
92.3863677978516
94.3278045654297
86.9193725585938
117.023590087891
67.8370056152344
95.4143981933594
82.7558288574219
67.7424011230469
111.731994628906

32.7401733398438
30.5220947265625
32.0063171386719
26.439208984375
37.0751037597656
44.5226287841797
44.3489074707031
47.9496917724609
21.2575073242188
32.1410827636719

140.513427734375
132.462326049805
149.900512695312
147.326690673828
139.302825927734
133.526489257812
125.140747070312
127.288055419922
154.681579589844
154.957305908203

88.5846099853516
43.9443664550781
39.0154724121094
101.185653686523
18.1457214355469
95.3806457519531
91.3077697753906
92.3685455322266
104.242904663086
88.4441070556641

133.348434448242
130.232803344727
119.331161499023
149.563507080078
140.227386474609
139.526992797852
138.569686889648
134.641525268555
119.234436035156
135.87174987793

13.5098876953125
15.3794860839844
14.9609985351562
10.2648315429688
12.3094177246094
15.0728149414062
10.3995056152344
32.5608520507812
14.4823303222656
13.9951782226562

159.52668762207
158.606063842773
164.850784301758
154.182739257812
156.193618774414
149.577835083008
155.985549926758
157.059219360352
140.23518371582
142.479309082031

171.502563476562
179.66423034668
175.245086669922
174.326095581055
167.033721923828
179.792633056641
168.467025756836
143.451217651367
175.801025390625
178.468505859375

131.375747250807
231.346187099119
76.8336547559523
173.793980633715
230.002740529345
162.395126689442
179.069053013589
186.678685843248
255.713870606623
165.183514711139

70.347595445576
73.5481007402867
115.485176455211
74.353037531561
105.437516082921
68.0108087618636
166.718312937902
163.984026622036
81.5545461912428
125.647314164763

71.7372657150669
42.7696544904824
17.2950931032423
53.5249539906592
27.9780605945984
41.4576910393374
56.396260531888
6.35569812866397
67.3873834198697
37.678961493517

191.713869012513
47.1700928650568
72.5662267775577
164.528673657725
60.0576046947465
66.1113699880737
68.2225702178347
73.7954641048389
124.883250895336
162.976746249394

18.1922234061972
23.8599300175893
18.9755412073549
13.7086189978048
26.0338600703782
11.1736040893469
12.0355553014525
6.10498865667261
26.7050282552488
15.8325089136317

86.1665443809468
58.2770529375587
124.775399379151
55.9459254607439
271.845904022619
60.9153144848818
25.8718770317015
54.0660237792124
240.496726696626
23.5842101599471

30.5811428342335
11.0249338416578
4.67293167440084
16.1132222137381
8.19269983179645
36.298680342095
20.9764544257493
9.67294040250982
10.3826406566573
19.9654367080542

0.188643191550055
3.81101653205749
0.43154555411288
0.652342065126697
5.89613211864402
0.493465839059852
1.23073830429278
0.698173186560201
0.375027653394503
0.0311587634534015

4.47781990032268e-35
1.19447258528085e-12
3.27971608225072e-28
1.06454958759583e-33
1.82328515807811e-33
1.0937493271199e-32
1.20211426492018e-29
4.2723417454011e-34
9.1483613602336e-33
6.13483719265199e-34

2.55210907248151e-19
4.85220766365686e-20
4.63408060831973e-19
1.87461040221999e-19
2.22294835447516e-19
3.30462993987189e-20
2.52037136417634e-20
1.0464457896605e-19
1.00296754886537e-20
1.41193678728439e-20

206.867004394531
214.000244140625
135.605194091797
105.154365539551
137.656951904297
109.287223815918
133.540786743164
127.47087097168
192.248947143555
202.60693359375

53.514820098877
69.2764892578125
90.4821472167969
100.450325012207
113.022926330566
49.6721534729004
52.9068489074707
38.8767509460449
37.4129981994629
60.8261566162109

8.74334716796875
13.0019788742065
11.5728702545166
12.3632469177246
7.83115720748901
32.4653167724609
5.97715377807617
12.2072668075562
13.4775428771973
11.9902114868164

16.832691192627
24.7250556945801
11.0109977722168
11.3413753509521
14.9703884124756
28.6489219665527
22.2881908416748
16.3191032409668
37.4003982543945
20.5629005432129

3.39693069458008
2.61647653579712
6.9239239692688
2.28155636787415
3.8919153213501
4.84412384033203
5.67287492752075
8.79277896881104
6.22892093658447
8.73346519470215

16.302375793457
16.6179008483887
10.2417917251587
8.61970901489258
14.0737600326538
17.7810134887695
16.3195114135742
10.3706483840942
15.5555381774902
14.6917943954468

3.7006151676178
2.2182502746582
2.21783018112183
2.73589181900024
3.53332805633545
4.32605266571045
5.63324117660522
2.83543920516968
3.13241982460022
2.84096431732178

0.129822254180908
1.06688284873962
0.0313677787780762
1.12794148921967
1.1051766872406
2.19459104537964
0.865686237812042
0.0251457095146179
0.70078432559967
0.336101412773132

0.00739598274230957
0
0.0123159885406494
0
0
0
0
0
0.00277054309844971
0

0
0
0
0
0
0
0
0.00739598274230957
0
0

18.3694591522217
18.6271781921387
32.4572868347168
15.6040534973145
25.7676258087158
24.2996501922607
22.1547565460205
31.7195491790771
27.8471393585205
21.6290588378906

13.3399810791016
14.8220472335815
17.7592620849609
12.0121269226074
13.2833967208862
12.1194381713867
15.0498151779175
11.8148097991943
13.7768392562866
11.4538669586182

13.7811861038208
12.4463796615601
12.3682737350464
10.379843711853
13.2447175979614
15.0492029190063
10.2050352096558
15.0762510299683
10.6300964355469
14.5152893066406

8.39339351654053
9.72513484954834
8.30152416229248
10.9978380203247
8.91011333465576
9.46236705780029
10.5440425872803
8.90696716308594
10.2986698150635
9.68216705322266

9.15609741210938
9.44401931762695
11.3410615921021
9.03553771972656
10.0172414779663
10.4747276306152
9.49824333190918
10.5104160308838
9.13116836547852
10.1168260574341

8.8970775604248
8.42025470733643
8.55070209503174
8.46386051177979
7.87976837158203
8.6143274307251
8.29541301727295
8.55631065368652
7.79774332046509
8.62750148773193

8.26569271087646
8.49378299713135
8.72468376159668
8.60181045532227
8.29381656646729
7.93575048446655
8.58569812774658
8.07347679138184
8.1721658706665
8.31944370269775

9.38327693939209
8.84592342376709
9.46402454376221
7.90900325775146
9.23403358459473
9.35954666137695
9.34614658355713
8.92756938934326
8.95655918121338
9.07267189025879

10.0831098556519
9.23235034942627
10.0010185241699
8.90080738067627
9.71652221679688
9.2670259475708
9.25054359436035
9.89805030822754
9.30823040008545
8.17846870422363

9.4348726272583
10.3375415802002
9.27723026275635
10.541844367981
9.792649269104
10.3989763259888
10.1831521987915
9.68588733673096
9.41379928588867
10.3391704559326

