0.41879146999999994349650478398
0.486007430000000073544441647755
0.584379110000000090430205545999
0.422073419999999976948146240829
0.561014829999999964371681926423
0.488428400000000095815266831778
0.562362510000000037635459193552
0.486898300000000006093614501879
0.773002879999999947813194012269
1.10173626999999996201040630694
0.662397159999999929347325178242
0.817478759999999970986550579255
1.03829857999999997097972936899
0.697798979999999957612999423873
0.87186958999999997210750279919
0.77205116000000006959425036257
0.919765749999999826513885636814
0.555260250000000121772814054566
0.537733689999999930897445210576
0.673741069999999941941837278137
1.44342792999999991465642779076
1.48967834999999992895425293682
1.63744331999999981341886723385
1.39771319999999987793160016736
1.48496522999999980285679157532
1.5100221300000000734797822588
1.54218539000000021133018890396
1.5290181800000000045258730097
1.64253103000000000299962721328
1.77137782000000010285134521837
0.368048970000000030822207008896
0.429288339999999990492796086983
0.550801489999999893676374540519
0.381203020000000003530971071086
0.46596077000000002410473598502
0.405418750000000049915627187147
0.679706240000000017076331459975
0.618943159999999936715653348074
0.723529040000000067678342929867
0.952987559999999844784213109961
0.649717680000000075146715516894
0.730044460000000006161258170323
1.00203060000000010454357379786
0.690525139999999981732514697796
0.79322201000000003290324457339
0.698955949999999992527932590747
0.913088580000000149539118865505
0.746808640000000023562165551994
0.863442260000000016972876437649
1.12875629000000010648818715708
0.943445089999999986218881531386
1.06920183999999984791884344304
1.08353553999999996371172983345
0.790612050000000121663390473259
0.907982069999999863441075831361
0.818550360000000032378864034399
0.930857360000000078059656516416
0.816896379999999866505788759241
0.90971590999999984994417445705
1.05938717000000015566740785289
0.740053309999999964219341563876
0.840389100000000000001421085472
0.888350399999999984501641847601
0.668893910000000091464755769266
0.881983750000000066293637246417
0.652003499999999958092189444869
0.773006719999999925008182799502
0.625578769999999950712776808359
0.721689029999999953624012505315
0.846229700000000084614271145256
0.420092409999999971681461374828
0.500463780000000024728024072829
0.596710889999999993804635778361
0.423929370000000027562947479964
0.507043729999999914781483312254
0.451403740000000053278483846952
0.537912769999999929027012512961
0.467650399999999966116348559808
0.563390630000000003363425093994
0.676810719999999976792537381698
0.674805789999999960926402309269
0.727813899999999902590275269176
0.904447310000000115337570605334
0.751194669999999953269309571624
0.799561010000000127462271848344
0.743392709999999956593796923698
0.88313437000000016841028127601
0.777783470000000032307241326635
0.82531330000000002744542371147
0.991741350000000077002937359794
0.465236540000000087236031731663
0.569379600000000096748919986567
0.704059680000000076560695561056
0.473025200000000034528113701526
0.573018099999999863669586375181
0.492760549999999963866059715656
0.585390260000000051121560318279
0.509635210000000005159392912901
0.593425270000000004699813871412
0.713660639999999957261422878219
