0.418902
0.428328
0.416101
0.414048
0.409322
0.40298
0.416318
0.43232
0.417103
0.432494

0.479443
0.512333
0.496619
0.486091
0.477895
0.523044
0.486364
0.465033
0.47831
0.454941

0.574567
0.577724
0.577853
0.61438
0.584474
0.571127
0.584023
0.582317
0.596431
0.580897

0.40098
0.404226
0.406159
0.439449
0.435449
0.418826
0.450126
0.438263
0.409539
0.417718

0.488172
0.497465
0.503699
0.487494
0.514389
0.504246
0.763324
0.795456
0.54001
0.515894

0.471167
0.551154
0.5088
0.493694
0.546667
0.449871
0.477468
0.47223
0.464028
0.449205

0.554516
0.578398
0.536921
0.535278
0.538388
0.553594
0.575182
0.53662
0.590977
0.62375

0.485088
0.46207
0.481305
0.508825
0.521591
0.501193
0.49776
0.487922
0.460468
0.46276

0.543867
0.562052
0.542573
0.853812
0.81479
0.918864
0.80625
1.01504
0.80058
0.872198

1.08558
0.962444
1.02743
1.04455
1.20277
1.29466
1.11471
1.06082
1.11446
1.10994

0.667713
0.710453
0.678231
0.717861
0.658584
0.618978
0.625156
0.716794
0.609225
0.620976

0.792449
0.796634
0.823119
0.88451
0.842536
0.787371
0.767358
0.849632
0.796226
0.834954

0.944422
1.05959
1.07361
1.24518
0.899665
1.00656
0.966773
1.01946
1.10815
1.05958

0.677447
0.720552
0.675367
0.614926
0.706723
0.692723
0.726308
0.779333
0.6514
0.733212

0.84916
0.940457
0.86222
0.824127
0.889428
0.845615
0.895788
0.831566
0.931269
0.849067

0.752984
0.839261
0.76723
0.840588
0.713766
0.710151
0.740196
0.765968
0.750512
0.839856

0.881174
0.986434
0.896545
1.06598
0.971834
0.811284
0.857266
0.933538
0.820376
0.973221

0.720542
0.792906
0.695384
0.466898
0.465295
0.487267
0.485242
0.482662
0.493094
0.463312

0.546486
0.517142
0.542771
0.538304
0.527396
0.57082
0.522043
0.554661
0.552172
0.505544

0.665363
0.653481
0.643792
0.680688
0.656224
0.723662
0.711415
0.65459
0.694652
0.653543

1.44869
1.39895
1.48178
1.39047
1.39867
1.38736
1.4665
1.48048
1.5053
1.47608

1.55669
1.48212
1.44772
1.45592
1.49713
1.49507
1.47612
1.44902
1.45976
1.57723

1.6242
1.60499
1.5785
1.64226
1.61908
1.59599
1.59278
1.63173
1.69372
1.79118

1.49148
1.3858
1.41732
1.38544
1.35585
1.42841
1.36969
1.37806
1.36788
1.39721

1.48854
1.49279
1.53133
1.4557
1.44427
1.50493
1.4647
1.4851
1.51164
1.47065

1.4821
1.46394
1.47992
1.8267
1.55323
1.47392
1.44633
1.48764
1.43995
1.44648

1.57299
1.54094
1.57392
1.57237
1.52077
1.50415
1.46555
1.58444
1.54231
1.54442

1.50229
1.56094
1.51527
1.63103
1.51938
1.50487
1.51535
1.5204
1.52007
1.50059

1.69075
1.63848
1.58898
1.70023
1.64167
1.69424
1.59524
1.65776
1.6177
1.60026

1.72292
1.89847
1.94306
1.74289
1.7565
1.75024
1.75032
1.70509
1.71193
1.73235

0.3606
0.37685
0.364009
0.350235
0.352593
0.364527
0.380262
0.370847
0.393384
0.367183

0.436354
0.429358
0.419041
0.435789
0.418857
0.414155
0.417348
0.440862
0.425146
0.455975

0.541128
0.565762
0.559228
0.573608
0.536062
0.53709
0.547113
0.524821
0.555521
0.567682

0.361154
0.359404
0.379368
0.376396
0.406298
0.397003
0.378143
0.396484
0.378875
0.378907

0.472211
0.485151
0.478195
0.446993
0.45113
0.45471
0.473994
0.481213
0.45597
0.460041

0.3975
0.421223
0.454207
0.411634
0.403766
0.399994
0.401158
0.378097
0.390472
0.396137

0.486767
0.506799
0.506888
0.494385
0.68302
0.79255
0.807891
0.772878
0.826196
0.919689

0.72628
0.553823
0.752651
0.630665
0.595624
0.572029
0.580862
0.584073
0.60926
0.584163

0.676085
0.748058
0.80009
0.772146
0.737843
0.668239
0.753222
0.756184
0.653026
0.670398

0.912513
0.980446
0.909831
1.13316
0.872008
0.872525
1.00968
0.899989
0.90876
1.03096

0.589094
0.575729
0.68254
0.610426
0.665186
0.745138
0.687586
0.624632
0.64866
0.668184

0.804683
0.850309
0.693116
0.711514
0.699633
0.770857
0.645515
0.6087
0.815905
0.700212

0.900457
0.983089
0.991524
1.04752
1.09259
1.00425
0.90186
0.968395
1.10658
1.02405

0.596773
0.699592
0.695322
0.721514
0.637336
0.665671
0.717724
0.709389
0.808743
0.653188

0.770389
0.775358
0.754531
0.738449
0.792728
0.866922
0.790652
0.835704
0.771915
0.835572

0.71653
0.696297
0.657901
0.621449
0.731903
0.736282
0.706904
0.715874
0.689606
0.716814

0.890547
0.829118
0.940569
0.863871
0.863874
1.02192
0.954374
0.872891
0.891673
1.00205

0.784707
0.86335
0.754774
0.840606
0.622712
0.731026
0.775907
0.704379
0.709626
0.680999

0.833349
0.863801
0.837685
0.79563
0.855009
0.792975
1.0033
0.895837
0.888594
0.86824

1.05776
1.20555
1.2067
1.2113
1.15574
1.10789
0.974067
1.04899
1.28103
1.03855

0.842701
0.896339
1.02594
0.85251
0.805183
0.996217
1.08848
0.945074
1.0729
0.9091

1.04365
1.18818
1.0919
0.993984
1.10973
1.00689
1.06038
1.04549
1.04679
1.10503

1.19283
1.30062
1.16482
1.07042
0.981417
1.01365
1.05163
1.03271
0.995857
1.0314

0.808967
0.761186
0.822362
0.810408
0.78824
0.764735
0.776842
0.8048
0.76497
0.80361

0.927966
0.860129
0.925171
0.88524
0.928665
0.908799
0.923196
0.917486
0.94578
0.857388

0.830366
0.822345
0.799645
0.83075
0.842182
0.827823
0.801764
0.845988
0.820317
0.764324

0.897971
0.903068
0.92974
0.932115
0.942254
0.96902
0.924101
0.967035
0.905613
0.937656

0.815758
0.797755
0.840288
0.828088
0.81449
0.80914
0.839267
0.803601
0.82199
0.798587

0.950851
0.929902
0.890523
0.933942
0.890683
0.895153
0.920663
0.875572
0.906102
0.903768

1.04973
1.01563
1.03051
1.04964
1.07386
1.0322
1.03969
1.11065
1.06592
1.12604

0.758457
0.75372
0.737394
0.7167
0.733426
0.730395
0.753121
0.733577
0.752582
0.731161

0.831256
0.856504
0.857941
0.849792
0.82365
0.826759
0.826261
0.878923
0.843195
0.80961

1.02958
1.02905
1.00477
1.03347
0.755
0.807974
0.771128
0.795352
0.856623
0.800561

0.615037
0.615495
0.626982
0.625765
0.61587
0.641727
0.744455
0.751663
0.723266
0.72868

0.845441
0.960022
0.858524
0.882514
0.886417
0.842618
0.888586
0.900707
0.880206
0.874803

0.665146
0.660985
0.671987
0.660174
0.716602
0.612769
0.622257
0.643424
0.621579
0.645111

0.731747
0.732283
0.715054
0.757094
0.808948
0.771228
0.765548
0.972618
0.750582
0.724965

0.621489
0.619473
0.622955
0.614076
0.625307
0.636854
0.637442
0.61682
0.627479
0.633892

0.690271
0.687778
0.696678
0.682155
0.702453
0.671549
0.730011
0.951373
0.713679
0.690943

0.824999
0.876668
0.856055
0.843195
0.847522
0.838837
0.835481
0.864051
0.843976
0.831513

0.442924
0.424935
0.414229
0.414916
0.419668
0.417972
0.411668
0.415182
0.42513
0.414301

0.491159
0.476676
0.488765
0.513607
0.507192
0.506175
0.514526
0.503905
0.500637
0.501997

0.63168
0.614773
0.592072
0.584789
0.590499
0.589514
0.588909
0.58767
0.59104
0.596163

0.416244
0.421194
0.435488
0.427104
0.431876
0.420914
0.415753
0.420092
0.41698
0.433649

0.510666
0.500771
0.509405
0.510957
0.535136
0.495662
0.497793
0.495392
0.505141
0.509514

0.466266
0.4635
0.446588
0.445944
0.451719
0.446829
0.443813
0.449599
0.452635
0.447146

0.52736
0.525466
0.5321
0.523887
0.5264
0.551719
0.53613
0.541494
0.542213
0.572358

0.514214
0.47032
0.467029
0.478601
0.471301
0.455797
0.457285
0.458099
0.451246
0.452611

0.568261
0.555231
0.56631
0.575474
0.595841
0.58793
0.561318
0.545968
0.543797
0.533777

0.674508
0.684705
0.679566
0.681307
0.647017
0.678983
0.67296
0.684313
0.669525
0.695223

0.675508
0.670023
0.686488
0.686682
0.666759
0.669284
0.687902
0.670317
0.666327
0.668769

0.770087
0.749934
0.72523
0.68732
0.696776
0.732903
0.721184
0.700484
0.73178
0.762443

0.880555
0.837048
0.827276
0.834324
0.832254
0.961805
0.935323
0.94333
0.972208
1.02035

0.82889
0.806046
0.737051
0.759781
0.695687
0.762197
0.766511
0.747443
0.712059
0.696282

0.77126
0.773501
0.837454
0.761715
0.79238
0.799009
0.842629
0.828031
0.778198
0.811434

0.77186
0.731019
0.728656
0.73858
0.75491
0.746379
0.734264
0.72592
0.766392
0.735948

0.835992
0.898756
0.929935
0.901703
0.891508
0.869009
0.904432
0.864337
0.856406
0.879264

0.768445
0.780532
0.769328
0.708288
0.834743
0.785058
0.80156
0.71323
0.839016
0.777636

0.821687
0.822422
0.870142
0.822348
0.825151
0.806219
0.841682
0.802836
0.808613
0.832032

1.00067
1.13667
0.99343
1.01974
0.904762
0.96657
0.978636
0.973197
0.956342
0.9874

0.437718
0.488788
0.473034
0.470687
0.473619
0.480562
0.444854
0.446684
0.477283
0.459137

0.559527
0.547573
0.518519
0.540723
0.534742
0.536223
0.540149
0.530468
0.827096
0.558777

0.662622
0.715687
0.687055
0.791796
0.732167
0.665486
0.71768
0.738031
0.65325
0.676823

0.470155
0.47489
0.487521
0.473114
0.45052
0.468688
0.474576
0.466243
0.481896
0.482649

0.539835
0.596048
0.613899
0.636564
0.563052
0.580258
0.583665
0.527828
0.556195
0.532838

0.469084
0.54414
0.473737
0.509996
0.518831
0.457639
0.495443
0.478229
0.494068
0.486438

0.560712
0.606304
0.596034
0.623876
0.563637
0.568171
0.573661
0.618437
0.556312
0.586758

0.51663
0.513837
0.507413
0.500615
0.523771
0.523059
0.532065
0.45916
0.512168
0.507634

0.606845
0.602653
0.591585
0.547136
0.580483
0.581037
0.596329
0.61107
0.625474
0.591641

0.696695
0.702428
0.75165
0.709623
0.669413
0.735634
0.743451
0.677912
0.727567
0.722233

