570.160925292969
218.958100891113
61.6189117431641
79.9217777252197
16.0294419288635
38.1023246765137
7.40085618495941
2.18183551803231
8.50573642167545e-20
1.97733560615892e-22
0.00344994986953679
0.000208933060639538
1.26433079685739e-06
6.58323183699849e-07
1.0857670915132e-08
3.01301621785655e-06
1.30413054331e-07
1.62129390414832e-07
8.33338594749245e-14
2.84266912736016e-24
101280.415625
39375.8453125
7122.82065429687
11934.4762695312
3339.14852294922
8109.01625976563
1400.33003540039
533.372150337696
4.89347971731085e-26
3.01084259472826e-20
70.0695390838893
41.6336980819702
18.3201229572296
18.9117244720459
4.40801453590393
14.386524105072
3.19491106271744
0.0593913025458278
3.71244605890039e-20
1.05657847228324e-10
50.2144258499145
16.4664206504822
4.19981838464737
6.11789331436157
1.30015525370836
3.09954980611801
0.685604987293482
0.238745640404522
7.35850913984535e-36
1.4780365994878e-23
16.8939050546248
13.2598249307234
6.91621264129474
10.21673191696
5.71255205779864
8.22925032287433
5.07398079543903
2.90110043197467
1.71828526168658
1.7182841172774
167.760458374023
131.28060760498
93.6823959350586
34.9002716064453
140.509996032715
76.261979675293
134.054768371582
15.2935302734375
153.86969909668
171.375210571289
179.239256113298
104.508643493336
42.2581022507325
103.202586846308
17.2621858915677
100.194497833339
16.7881082930892
1.38082432082519
1.19447258528085e-13
1.36394055575424e-19
156.443852233887
66.644161605835
12.9630092144012
20.4100023269653
5.33829667568207
14.0574043273926
3.31740326881409
0.758349978923798
0.00224825143814087
0.000739598274230957
23.8475757598877
13.5431583404541
12.769627571106
9.52222175598144
9.8725338935852
8.41029591560364
8.34663214683533
9.04987554550171
9.3836127281189
9.94051237106323
