0.530154
0.55825
0.554223
0.551849
0.584721
0.565208
0.543196
0.555364
0.557353
0.557013

0.626231
0.621964
0.629816
0.63321
0.610272
0.648785
0.648127
0.641216
0.621694
0.608797

0.725266
0.732197
0.720908
0.730592
0.730436
0.7398
0.752068
0.762124
0.750993
0.747835

0.580384
0.562911
0.588602
0.574344
0.583949
0.568545
0.56172
0.560078
0.540195
0.544284

0.633262
0.640759
0.64464
0.628218
0.619845
0.63836
0.627736
0.63566
0.643169
0.670859

0.587544
0.583781
0.585389
0.604581
0.617405
0.604708
0.633268
0.598967
0.640467
0.634155

0.677489
0.695641
0.73422
0.686366
0.714266
0.690486
0.69484
0.697555
0.687917
0.724535

0.613063
0.601028
0.631611
0.625831
0.640452
0.59949
0.594527
0.604267
0.613814
0.583007

0.672809
0.693377
0.669098
0.668911
0.686907
0.676997
0.673478
0.697622
0.71994
0.69583

0.798358
0.784103
0.814097
0.816715
0.821805
0.787292
0.784506
0.81773
0.843438
0.865506

0.578696
0.604189
0.610987
0.689047
0.599266
0.638065
0.616705
0.606367
0.581515
0.625213

0.658186
0.691383
0.650772
0.632062
0.64758
0.644656
0.638413
0.650443
0.656498
0.63042

0.768275
0.754785
0.764748
0.774558
0.760636
0.787239
0.801496
0.773382
0.807051
0.804381

0.605948
0.601055
0.625379
0.580294
0.598265
0.599993
0.599577
0.598877
0.60751
0.583022

0.641948
0.671352
0.695524
0.659882
0.679539
0.663503
0.663387
0.65418
0.678617
0.666573

0.602924
0.610077
0.603422
0.591569
0.599737
0.608878
0.599541
0.584111
0.600668
0.604354

0.691333
0.690366
0.680458
0.684954
0.68403
0.684816
0.686524
0.692748
0.692962
0.682828

0.59076
0.577512
0.594893
0.599547
0.594247
0.5957
0.584464
0.579666
0.601295
0.600033

0.66552
0.686595
0.680023
0.661638
0.681033
0.657342
0.664901
0.68079
0.664894
0.673457

0.778684
0.827256
0.776045
0.785975
0.784791
0.805839
0.78993
0.794111
0.791619
0.781348

1.52924
1.51743
1.54295
1.54321
1.52804
1.68051
1.68162
1.6511
1.6795
1.7188

1.86458
1.8118
1.84064
1.85455
1.82751
1.8492
1.92306
1.92411
1.76461
1.79674

2.07253
1.91121
1.94238
1.88408
1.97052
1.91376
1.93688
2.01452
2.09761
1.9678

1.70962
1.88714
1.87644
1.74702
1.75697
1.70686
1.78496
1.86881
1.75583
1.72414

1.88343
1.86345
1.84607
1.90289
1.85588
1.86005
1.93687
1.85749
2.03079
1.95198

1.77732
1.63122
1.79311
1.72688
1.77646
1.81906
1.74839
1.76477
1.87666
1.8732

1.96169
1.93386
1.87602
1.86956
2.05271
1.94895
1.94773
2.02567
1.87195
1.95748

2.02789
1.91897
1.83965
1.8858
1.93601
1.83457
1.8988
1.8701
1.83575
1.87194

2.02752
1.94015
1.97615
2.0042
1.97803
1.98183
1.96938
2.02565
2.02544
2.00993

2.10811
2.12548
2.15543
2.11678
2.12344
2.17822
2.42876
2.28375
2.10445
2.15194

0.557951
0.587118
0.586765
0.565522
0.562234
0.553808
0.558442
0.565841
0.607458
0.582081

0.666948
0.655592
0.657596
0.656316
0.645438
0.705125
0.692006
0.660132
0.638471
0.650475

0.798203
0.806046
0.803775
0.803553
0.784237
0.770596
0.782801
0.783838
0.801947
0.776671

0.574372
0.58838
0.584209
0.598968
0.603134
0.555761
0.58832
0.602436
0.575474
0.584514

0.678675
0.681927
0.658454
0.688955
0.696375
0.696294
0.673227
0.695646
0.705932
0.697638

0.594152
0.626558
0.627238
0.652412
0.627149
0.616392
0.628497
0.591347
0.600523
0.635761

0.706166
0.713248
0.718667
0.741676
0.717579
0.724657
0.70605
0.741572
0.728187
0.728039

0.619906
0.620586
0.615468
0.588967
0.619761
0.641127
0.604054
0.62309
0.630633
0.606175

0.711146
0.68779
0.701445
0.714027
0.696924
0.713762
0.709211
0.689505
0.694738
0.731808

0.848504
0.816454
0.82483
0.81331
0.838666
0.833549
0.822874
0.852953
0.842777
0.872378

0.642301
0.653893
0.625359
0.664717
0.637379
0.614287
0.65549
0.646696
0.63673
0.636226

0.725583
0.780106
0.725781
0.734212
0.747185
0.722436
0.728009
0.825361
0.742259
0.728754

0.880003
0.89075
0.912834
1.27161
1.33754
1.10426
1.17794
1.16901
1.4243
1.33007

0.971302
0.954595
0.910235
0.812625
0.934072
1.01103
0.865458
0.884866
0.911791
0.88389

1.04039
1.15011
1.13152
1.06531
1.32675
1.25142
1.17969
1.14454
1.17713
1.27783

0.930805
0.927431
1.1667
0.774993
0.700667
0.694308
0.679417
0.694692
0.682875
0.692893

0.791092
0.807059
0.84011
0.773155
0.80088
0.783323
0.809402
0.796116
0.80825
0.811976

0.68135
0.73808
1.04658
0.860101
0.821531
0.71864
0.675584
0.701336
0.67657
0.699857

0.751134
0.771409
0.790625
0.782415
0.78533
0.778389
0.779916
0.749419
0.772932
0.777437

0.961622
0.918485
0.911228
0.938525
0.901531
0.918816
0.897598
0.929845
0.920783
0.957996

0.808336
0.794797
0.790382
0.819689
0.820423
0.832107
0.827221
0.807713
0.805737
0.832395

0.922091
0.971273
0.989581
0.96796
0.958187
0.91448
0.938647
0.890487
0.88973
0.88727

1.07416
1.0165
1.0208
1.07419
1.04736
1.03499
1.01488
1.02603
1.13229
1.02787

0.858467
0.897888
0.827448
0.80027
0.823131
0.826901
0.820273
0.81776
0.798192
0.832482

0.976979
0.980636
0.925975
0.952237
0.914035
0.902533
0.887724
0.900065
0.908377
0.903641

0.846788
0.858553
0.890124
0.905934
0.882628
0.911902
0.915555
0.872323
0.839868
0.874654

0.964272
1.00378
0.976265
0.990031
0.988411
0.976464
0.979155
0.940301
0.93849
0.950885

0.837835
0.847484
0.841804
0.81889
0.856222
0.842126
0.843148
0.81981
0.829236
0.842591

0.900758
0.876522
0.932904
0.952229
0.910466
0.904062
0.910621
0.907175
0.909625
0.892029

1.08487
1.05545
1.0284
1.06572
1.08267
1.06326
1.07576
1.02664
1.0645
1.04608

0.862212
0.861075
0.838674
0.885272
0.836541
0.848851
0.852902
0.852524
0.832827
0.853727

0.93014
0.93894
0.933195
0.954428
0.947633
0.959217
0.922127
0.95621
0.918939
0.903442

1.08032
1.07818
1.0807
1.08516
1.10068
1.11963
1.11376
1.09666
1.13881
1.13229

0.992189
0.948265
0.892637
0.93214
0.914931
0.906225
0.898889
0.879232
0.903966
0.880113

0.987673
1.00846
1.03113
0.987378
0.911722
0.965312
0.94526
0.979903
0.970955
1.00367

0.940826
0.901165
0.9381
0.904948
0.941126
0.881733
0.9147
0.932535
0.931631
0.899147

1.03018
1.04829
1.01214
0.996463
0.979566
0.97512
1.00904
0.987746
0.997273
0.985843

0.903314
0.864512
0.898231
0.879903
0.899999
0.879319
0.866216
0.912269
0.87259
0.930807

1.00725
0.984159
1.00347
0.985955
1.00429
0.987296
0.980601
0.98439
0.988581
0.979375

1.17292
1.12322
1.11448
1.13695
1.11542
1.09498
1.12846
1.12545
1.11625
1.09615

0.634
0.652421
0.649185
0.643368
0.709384
0.644837
0.654091
0.62442
0.654107
0.648234

0.748758
0.75355
0.749047
0.785464
0.753394
0.772345
0.740134
0.793929
0.796701
0.797693

0.893076
0.879208
0.863887
0.891261
0.878673
0.886815
0.902572
0.88053
0.859152
0.910398

0.644914
0.703611
0.671126
0.667259
0.664728
0.672127
0.654154
0.63325
0.652877
0.653862

0.727213
0.710472
0.718564
0.716732
0.700512
0.736484
0.72369
0.727243
0.706284
0.71689

0.654857
0.633865
0.644381
0.692042
0.649032
0.638492
0.650421
0.671411
0.663985
0.65153

0.761278
0.749239
0.733758
0.764115
0.750589
0.726273
0.742796
0.734809
0.746752
0.728294

0.658638
0.668294
0.644815
0.640092
0.653483
0.638038
0.639225
0.633245
0.647706
0.663964

0.718845
0.73261
0.732051
0.728801
0.754471
0.718699
0.726951
0.70473
0.70357
0.723236

0.856383
0.88364
0.899955
0.879683
0.866369
0.892056
0.880489
0.891099
0.852565
0.889339

0.883537
0.870807
0.860904
0.867081
0.876372
0.870365
0.853864
0.910689
0.897475
0.883867

0.950995
0.980953
0.954457
0.973301
0.962077
0.941901
0.932808
0.94274
0.947574
0.966124

1.08039
1.07814
1.07015
1.06767
1.0802
1.07774
1.06418
1.11506
1.07365
1.08607

0.873364
0.871926
0.88498
0.856559
0.863469
0.876442
0.912613
0.892457
0.891669
0.904491

0.978613
0.994606
0.991689
0.989501
0.971351
0.975893
0.971481
0.979245
0.95996
0.968808

0.912328
0.929564
0.929937
0.930026
0.912959
0.916235
0.944857
0.909491
0.928021
0.906612

0.99254
1.00324
0.985573
0.990872
1.0116
1.03168
1.03402
1.02745
1.01541
0.998472

0.909131
0.914103
0.91342
0.932488
0.919297
0.904381
0.908063
0.895728
0.891563
0.915173

0.987382
0.998175
0.997118
0.986394
1.01736
1.01017
0.970552
0.940395
0.932128
0.925384

1.0701
1.06057
1.03808
1.04598
1.04456
1.03586
1.05571
1.05078
1.04505
1.03647

0.58723
0.602983
0.604732
0.588013
0.57974
0.591766
0.586393
0.596011
0.583877
0.589636

0.646562
0.660607
0.647541
0.651513
0.658602
0.669001
0.646375
0.65611
0.654694
0.639214

0.785217
0.788219
0.768258
0.777781
0.797167
0.766814
0.78178
0.769492
0.766862
0.802635

0.613745
0.592788
0.599874
0.582154
0.577596
0.589734
0.592188
0.589205
0.585593
0.581464

0.673504
0.662168
0.690324
0.683419
0.713619
0.67856
0.677109
0.705723
0.687402
0.681241

0.638346
0.636293
0.630514
0.631445
0.630049
0.633111
0.626019
0.628404
0.640651
0.647803

0.721218
0.706785
0.715937
0.724563
0.70972
0.718708
0.729966
0.732188
0.731427
0.731587

0.633101
0.624748
0.623074
0.62097
0.618516
0.634607
0.661752
0.633264
0.626984
0.620664

0.701878
0.708083
0.722824
0.720823
0.703603
0.696214
0.717956
0.701589
0.720683
0.699465

0.832937
0.846983
0.833242
0.838191
0.823303
0.836806
0.831059
0.811252
0.831657
0.822226

