586.260546613070459898153785616
456.878850858314478955435333773
507.581672534256142625963548198
488.343003674894475807377602905
577.710375960999840572185348719
550.044870842450905001896899194
448.76726514230142583983251825
408.212425522729404292476829141
266.972494344753158657113090158
564.379375046976747398730367422

340.568665473542466770595638081
134.521656792526215440375381149
326.065765524404241659794934094
417.46493515643732052922132425
180.906585343334313620289321989
398.301365716384339066280517727
282.785732332491591023426735774
141.495083413952755790887749754
273.200061327522348619822878391
183.517113683623080078177736141

58.1998990057276728293800260872
37.8828448549345537799126759637
114.346567974802255207578127738
47.9652370329683179761559586041
73.8628997684447057281431625597
32.7449540802869023536914028227
35.0211524176925337314969510771
290.796111402014730629161931574
58.3358922240962343153114488814
80.2820225644454552593742846511

72.1510249682733046938665211201
86.7196355607616453653463395312
97.6501514073675878080393886194
65.401627489087942990408919286
38.7803340761285184612461307552
126.533881145006105839456722606
85.0905059637436806951882317662
53.8770699922150839711321168579
65.0514520359714651931426487863
60.4063915494996379607073322404

27.5700071668042525629971351009
48.7580638998601045841496670619
42.7484169298344696130698139314
40.8366255424885693514625017997
46.8198335317442442260471580084
25.8337146983953047651993983891
40.5279210028245771013644116465
51.4045581890320093521040689666
39.089192085610484639346395852
24.2820189787733049513462901814

71.6395318492885309069606591947
40.4278987208966356092787464149
45.2573862445688988032088673208
72.5144974281083989353646757081
49.7302685309342535902032977901
72.7674359212685999409586656839
63.5709605895285889687329472508
33.3917133944555146740640338976
35.7686816241631149182467197534
89.5947273386150015994644491002

6.23401207631272757936358175357
36.3620160610244411714120360557
13.0831503936263633391945404583
12.1426280144808504957154582371
21.6114139211087277203660050873
41.3363661754815723270439775661
39.0696615327092189318136661313
25.1721552740181202523217507405
8.98328144155172481077897828072
9.91617637507759219772651704261

1.27415292363072407688662224245
1.58833150733261341258639731677
1.43098399734449643894151904533
21.8933658660958911923444247805
