0.555733020000000021987318632455
0.629011160000000013603482784674
0.739221890000000048104311645147
0.56650106000000000072702732723
0.638250879999999964908852234657
0.609026610000000023781296931702
0.700331389999999998074997620279
0.610708959999999967394046507252
0.685496920000000065087419898191
0.813354869999999841034821201902
0.615005020000000013347118965612
0.650041309999999983304519446392
0.779655269999999900321085988253
0.599992019999999959267711346911
0.667450619999999883447117099422
0.600528060000000030171918297128
0.687102019999999980015559231106
0.591811799999999998966870862205
0.671619270000000101461523627222
0.791559909999999922192159829137
1.60723917999999987848980254057
1.84568123000000028355316317175
1.97112985999999956732153805206
1.78177850999999987102739851252
1.8988899400000001094213075703
1.77870811999999989261311839073
1.94456261999999990841558883403
1.89194555000000019795436401182
1.99382858999999967863914207555
2.17763639999999991658796716365
0.572721900000000005981348749629
0.662809790000000065290919337713
0.791166589999999891880122504517
0.585556989999999943918851386115
0.687312370000000116831984087185
0.620003010000000021051391740912
0.7225840100000000543190026292
0.616976680000000055059672376956
0.705035529999999965866663842462
0.836629430000000007261462542374
0.64130762000000007816424840712
0.745968549999999952504481370852
1.14983148000000001687226358627
0.913986839999999967076860230009
1.17447003000000016470494301757
0.79447769000000012518114544946
0.802136249999999995097255123255
0.761962830000000090890921455866
0.77390070000000010796981086969
0.925642840000000077793629316147
0.81388009999999988419716601129
0.932970549999999954060569962166
1.04690525000000000943600753089
0.830281019999999925218503449287
0.925220350000000024692781153135
0.879833030000000015924399576761
0.970805219999999913227384240599
0.837914519999999996002770785708
0.909639200000000203161221179471
1.05933490000000007924541023385
0.852460539999999822313725417189
0.93642699999999989834975622216
1.10261789999999981759515321755
0.914858720000000014138663573249
0.979145879999999912968178250594
0.918591089999999943493946830131
1.00216682999999995296036559012
0.89071593999999998381156274263
0.990536590000000161104765084019
1.12242810000000003967102202296
0.651404829999999934742049845227
0.769101409999999985345198183495
0.884557119999999974524484969152
0.661790860000000202845171770605
0.718408359999999968081851875468
0.655001779999999977910363213596
0.743790369999999922967504062399
0.648749960000000069904046995362
0.724396360000000072432158049196
0.879157870000000007948415259307
0.877496329999999935544963136635
0.955293049999999865917743591126
1.07932512000000002672095433809
0.882797020000000154382746586634
0.978114709999999831779859960079
0.922003130000000004073967829754
1.00908539000000008201141099562
0.910334790000000060317120187392
0.976505479999999925766474007105
1.04831648999999993421283761563
0.591038130000000050401354201313
0.653021949999999962166441491718
0.780422509999999958196781335573
0.590434069999999922018218967423
0.685306980000000121044934076053
0.634263609999999866673192627786
0.722209829999999941563260108524
0.629767949999999965271513246989
0.709311829999999976514857280563
0.830765540000000024534188014513
