0.197303
0.193914
0.192861
0.207714
0.197231
0.197698
0.210857
0.208205
0.206308
0.206045

0.301164
0.283448
0.288165
0.285654
0.276338
0.268345
0.272226
0.274074
0.275483
0.279105

0.387848
0.374652
0.39708
0.416623
0.386406
0.386085
0.379699
0.381945
0.380068
0.385511

0.202225
0.238339
0.210366
0.203987
0.203802
0.205329
0.197544
0.200723
0.245263
0.209046

0.299736
0.290159
0.304034
0.307659
0.29649
0.305667
0.30105
0.287986
0.291398
0.304707

0.244073
0.246803
0.235227
0.228675
0.235315
0.233232
0.230146
0.22863
0.228331
0.225903

0.321961
0.350896
0.337315
0.334318
0.322766
0.314177
0.318532
0.319038
0.358488
0.352847

0.243962
0.238733
0.241553
0.23847
0.22575
0.232873
0.248246
0.241175
0.242884
