0.160473303022483609892034905897
0.0728574428777798016598765684648
0.0178201213651786767588891535752
0.111842830051127758994589100894
0.133658453513372660337310549039
0.0260052928218199794208054242972
0.404662329780776097720718098572
0.00890807092004901324155952124784
0.0146213929660009012145849283115
0.11255686749468180041233722477

2.76332968217255820375099919968e-49
1.10616929637858896452566089948e-49
9.13864158168000655223997509065e-51
2.13131676744928479423171380393e-50
9.9723506172662761800064924067e-51
2.38356762707832206343592679535e-50
5.05516620745508899861880175585e-50
6.11135987260638396587278897376e-51
2.10363887903738204643564323191e-51
6.88347827132000795833078396479e-50

2.90411245664954410317482665231e-43
9.95959083004147260492785997139e-44
1.96890739385352440604067821395e-44
2.50372773861708464417530935277e-44
4.99277607225371018058223056411e-43
1.35611479199547400618673857115e-43
1.20536415881690901356219516972e-43
3.23498051541165223974288932785e-44
2.36812094745550243709446155222e-43
1.60160938245487213863450040871e-42

1.05079478160879169479358097306
0.266091778193064731894423857739
0.807391653963093758328284366144
2.5480123151634104239349198906
1.79469588740428931394887968054
0.660107456899722278009789988573
0.184340006070337847354778659792
0.530990095480646795422785544361
0.773211937944279337209252389584
0.64808317123642689150386786423

1.14678756155353827313040932267e-32
2.01330878433554286057789459279e-32
1.16985745662688036641578159872e-32
6.26667248584212941733988598434e-31
1.15258970681813826864865051804e-29
2.31372555450024847429810230559e-32
3.54855472475899476955000838532e-32
3.43263491231243852352110933488e-29
1.93415839828090000404199702939e-32
4.81131732730700202150383194151e-32

0.147433886707234312885006488614
0.635639456421009607645089545258
1.05863859577256924637822521618
0.348527555296246460692088930955
2.63107302633410755632326072373
0.306013803934172434750848879048
0.243314285000775093470437582255
0.268177873234445585115537369347
0.161519769671235741137493846509
1.00801791505248039548803262733

5.74575963299398222019369246877e-13
2.33890248408017294820767625649e-14
3.43883197128943108897269096236e-17
5.36763708893371606806725840291e-28
9.4405127153058150234328566087e-29
3.4378288402805703668145308721e-17
8.43524075625246464870654270823e-25
3.97592694637292287113312653494e-19
1.63010819547230151028405283634e-09
1.26351193479903920475947694016e-15

2.14670824792075020719437409246e-37
4.77532045153046567817679837047e-37
1.60224891168962235221328534289e-37
2.60046177530967175419811530545e-37
7.42896479517002167244537531839e-38
4.14787380581671166603648029597e-38
2.05263689326661120584086646342e-37
3.01058287521818750035914212263e-37
4.90074235778493593182607758953e-38
