0.0745599877696491442069515187541
5.99747373405084533835000721918e-50
2.12358933479421038154453916564e-43
1.82980419077256906135175995587
1.44675133675704301708696102171e-31
0.845332801221114982226367828844
1.89173467606501807807539491534e-09
1.44975337218453387972533361017e-37
5.28454040412312923527048815516e-30
1.42506656119897648706362732435e-24
2.18832122857352860143018377005e-13
1.22027299277619357788065947048e-50
2.57636018463900982916683466769e-93
3.24977121030443229621080336529e-10
2.33248885448975130936042002428e-23
1.51311387743524552541260027363e-10
6.04591253777665391967744973646e-26
9.4657470186442227047544696737e-17
2.45004755473749571981435539843e-86
2.55222597079595108523295808456e-72
22.2543610157788052106297982391
1.02594909114179545415981253305e-47
5.1368858043106072859359114501e-41
224.985760491959808859974145889
3.02942395628771075577539319007e-28
207.33211483087902138322533574
6.74407253172400801017873040941e-08
3.13511009517489101133781109048e-35
6.64125827806157756669351237826e-28
2.35338341726421677626546895485e-22
0.204876726442507844927476412522
3.549083247287945014157113107e-27
2.43983480779181757836885852363e-22
0.809695929809170045210464650154
8.90174463621874209612594234735e-16
0.48604769829924687751798728641
3.15692148658478424460547104591e-14
5.48881219089523027084485431759e-21
1.60028792894384234800563195761e-16
3.16832639056241803864229575883e-13
0.0716226676471937301338144266083
8.40779078594890211439161360668e-46
2.43825932792518150427080058337e-44
0.139243990863145039593717910975
2.29422966711833091714906909972e-33
0.0673997163851665914702238069367
1.48657178292515723987463451342e-07
8.52143324676976292823512394568e-38
3.28308985965121919649035979613e-31
7.66300773392767075023421797195e-26
4.73498791366412330461344026844
0.293035589750548997045598298428
7.9026777950907949206720698454e-06
2.21571034103228736711344026844
1.59135420529032969535511432557e-05
1.50923031478716973552423041838
1.93467695919657949206720698454e-05
5.61385943571579542889183819798e-06
7.9026777950907949206720698454e-06
8.66561724821579559829842764884e-06
22.7248845577239997339802357601
3.88034119606018057524465802999
0.1989917755126953125
14.2515684127807613634786321199
12.7839650154113773083963678801
9.74212179183959925410363211995
11.6675652503967288708963678801
0.09949588775634765625
0
0.00897808074951171944388939039072
0.545211735057757107547615760268
4.46133473395038031136147079717e-36
3.06038647485461042004260271593e-35
2.23474361076085425992232558201
3.50444810552777137982590892319e-14
0.54241059915811218328229870167
9.1192460040206704482718819138e-06
8.32477362707547955303852984034e-11
2.24813631256487360455901036476e-22
8.31070887726233685226755590386e-18
0.444877517223358165399105246252
0.00836775898933410713920189039072
0.00320525765419006365003484759768
1.24458876848220834077096697001
0.0007399618625640869140625
1.24420796632766728073704598501
2.97486782073974622927527156069e-05
0
0
5.99861145019531236447472843931e-05
0.2578763067722320556640625
0.0891841728240251596648846543758
0.0870896246284246500213299668758
0.0425329618155956268310546875
0.0496949707157909870147705078125
0.0445280734449624987503213446871
0.0173707283101975917816162109375
0.03320231102406978607177734375
0.0713586561381816808502520643742
0.102048589289188390560880748126
