0.206394789999999966889632219136
0.274634869999999975398452534137
0.406373509999999993347330473625
0.205069969999999962562142741263
0.301014460000000039219258951562
0.236496700000000004138200893067
0.335270850000000009139000667346
0.230826899999999973767117467105
0.305141629999999941524890800792
0.421999830000000020202577388773
0.215014450000000023610624566572
0.275779959999999990660768389716
0.492551529999999959663625759276
0.230214639999999970410016203459
0.303698549999999956039431481258
0.249181939999999990664747429037
0.367581290000000004969393785359
0.241796789999999983677980708308
0.46736018999999995315874912194
0.734313889999999913626993475191
2.11806282000000001275452632399
2.32792782000000020303787096054
2.4117404200000001068815436156
1.22011977999999987609669460653
1.39211792000000023072914245859
1.24001273000000034052447972499
1.37531126000000014641955203842
1.32961334000000008792596872809
1.36099601000000003381273927516
1.54925569000000007413575531245
0.161009779999999963484569320826
0.24053146999999999722241739164
0.355739130000000014497629763355
0.165015690000000020409842704794
0.24966105999999999021099483798
0.197958439999999985525747092652
0.279040620000000016975860717139
0.17628537999999999152933582991
0.262830420000000009039808901434
0.380934690000000020226877950336
0.220276199999999977574560716675
0.310018309999999963633143806874
0.425945330000000066394960640537
0.220909939999999999082902490954
0.317294169999999930986689378187
0.257717519999999977731164335637
0.355526720000000018284680436409
0.256954719999999969815007716534
0.327753199999999966784969274158
0.45150715000000002374846985731
0.449677889999999969017352441369
0.505405119999999929980560864351
0.620944470000000081633118043101
0.435218780000000027285977921565
0.503691079999999957728107347066
0.450809890000000046406114506681
0.564324309999999940146153676324
0.459346839999999978498834707352
0.545190039999999931374929929007
1.0539040900000000711145276
0.603413899999999947532103306003
0.747200419999999865261486320378
0.948958069999999986876559887605
0.581174699999999933019978470838
0.776939740000000211850306186534
0.684450019999999992315053987113
0.844818910000000089510763245926
0.632700109999999815713067619072
0.790670509999999882033705489448
1.08506685000000002716546987358
0.376811760000000051107349463564
0.530600019999999950037761209387
0.789058939999999875425373829785
0.397507819999999956195324557484
0.514870469999999968990778143052
0.466457789999999927754714690309
0.605830610000000047143942083494
0.422063469999999996140616076445
0.540555470000000037877896374994
0.615326180000000055869691095722
0.55746576000000003237033752157
0.658824289999999979094980062655
0.839457949999999897272573434748
0.548651369999999971582838043105
0.676547180000000025756889954209
0.600416519999999898082876370609
0.745590360000000007545395419584
0.583047499999999940811790111184
0.672485739999999942995145829627
0.868017990000000017047909750545
0.302664370000000015892283045105
0.394788189999999983292866545526
0.57275814000000002668144816198
0.288372489999999981336031851242
0.321559529999999982319280888987
0.261210290000000011634284646789
0.398320420000000008364793302462
0.343309380000000052834963071291
0.442012020000000060981903970969
0.513702820000000004441176315595
