1.76488464195549255431043231453e-46
1.71852374141081171777762718934e-48
5.8564199022323256270425285221e-49
1.26768027182072439995711881e-48
2.88595688154435954945378892856e-52
1.19432951029100243018685518795e-49
8.29607135444709036503314624925e-51
9.24180793069155354316000556855e-53
8.71419142922817574453965090525e-46
2.84134032691131664801430854175e-46

5.99949011336412553313072678033e-26
6.81404290468000124752420960976e-26
5.54297419000483573086418216027e-25
1.20888345127886034982766362442e-25
1.73465310326003986303531931615e-26
2.29676117544876495520085298476e-26
3.41178604540667189279181266089e-26
7.89280602293336598090209966895e-25
1.67327545321501750303799173647e-25
2.74989274167361746987154988218e-27

3.89766555805665974713411948504e-12
6.55842176517743505487285078849e-12
4.23988825334037565992334459365e-12
4.62961923319266838137481358422e-12
4.52761536362972979411796004315e-12
3.26427214872256112305290789135e-12
1.88379480849245204815520225871e-12
5.24574267390285008276684205625e-12
5.39704123608942249294425754264e-12
3.46518856537412272407826286055e-12

0.0286387523894994153184079266339
0.00380794330457648886115173958444
0.00165997180702125461324025756937
0.00356440662793828773671767073949
0.0313253375618857132778316554322
0.00634444855840592385892717786078
0.0258784849549390516543212470424
0.0035681104727664906574313707921
0.0230407797760337935966123978915
0.000340221377285087104268279656338

1.33310996750258563270057764627e-26
3.8486388335487392070917649914e-26
5.44361355896382683166855948436e-26
1.7860996595882743822708642768e-26
3.5038072230989787215783998127e-26
1.04506238806171083146895453262e-25
3.96837652068337220521066489606e-26
5.7345468598453961282708992097e-26
1.62358701289192752107882689666e-26
6.82411957733419872383134205586e-26

0.000116603247815851506722500952051
0.0031839865923782750996295920487
0.00100407718171787265805383615458
0.000211544339159980407036321103931
5.10653263543112915373578530875e-05
0.000692202430528526075834139241749
0.00422717139448219869635181566991
0.000203281696412704638047760918873
0.00346419943818176805094832815257
0.0226879521159396788099193997823

6.33122727780810269474264188272e-23
3.07449711889949627127644268506e-22
1.70169625653599241820355334945e-22
8.39746937961102296015035613107e-23
2.34860252098964188768333411041e-22
9.65167574023082634245317920992e-23
9.23954482712773715639443561822e-23
5.35316807829555180450728588335e-23
2.05935110092716741419543779319e-22
7.47975132553709970140422709225e-23

6.16656343759739662921477460101e-26
1.01840332019497917187438617502e-25
3.95302212174950562758306829949e-26
4.19884931678305998932536067756e-25
1.31436750936634925014883577297e-25
1.44800415615730904445370955533e-25
3.4860188599857535272423588473e-26
1.08620926942668009694783463012e-25
7.55144263431218052098451273437e-26
6.74557414062271555567955203401e-26

1.13279574089311723122913314896e-12
1.18729946183633527600407824639e-12
6.11896335418646117147245811497e-13
9.44497720418416994835883148478e-13
7.99730614655154580022810298755e-13
1.04645761745599145085905617402e-12
1.38543204791650819310120903824e-12
1.40500276248759345234108034245e-12
1.52061104123457598501491976112e-12
1.80265394656069737250215637897e-12

7.77581616587416678152840337872e-08
1.72940923773781748264569764657e-07
1.10666806983368450795279585522e-07
1.57237518891907872744853592005e-07
1.52056400858505151862874976536e-07
1.83853025383374692191417896711e-07
1.89541373013146764741447005374e-07
1.45932895566593973815544570995e-07
8.77709853238371309259481523046e-08
1.57429544443963466234843876293e-07

3.29104551216457620091200853036e-56
2.74366674553996619266696515669e-59
3.58340227754196313426267077508e-55
1.05659036950356933303300075538e-57
1.89167150036243213147652362409e-56
5.23319426941546383250662312234e-61
1.89065293654925183225798265396e-64
3.58490170027707035774054367918e-60
3.02865668729024613415385737656e-67
8.20514462042791837556247862777e-57

1.59211391138045322765190217142e-79
1.27140416602985729485201218052e-79
8.99860970814173485478789562372e-82
1.37156874784582300210959210661e-79
2.57581090135503035513469016328e-81
3.06444154938329655182701068864e-80
1.94194857927990558886910416201e-81
2.90597941622850826730920086026e-80
9.0181126267538710746896022047e-84
8.14484444222221689824933962015e-83

4.43763070398141453378297280118e-39
2.21612400124623493591398354536e-42
6.4648739456583998800826694154e-41
1.08529538068999755556890585883e-41
1.19226526630353899085417111759e-40
7.39386416133873270072075234179e-42
2.5060667247257696715759194805e-41
1.47843612579266867491611008917e-41
3.54051255447541441210451318974e-39
1.58884369018389778706749223047e-40

4.40000370780803660502641409022e-16
1.30706058982814988914421171991e-13
9.79627838629266238425740987155e-15
7.94013139436135251035239917397e-17
1.43926992182264554968870033619e-16
8.46350484607983632628324537638e-17
3.46084419787902048091542991324e-13
1.27826193668216922272194861081e-18
8.21474926511824434895670826545e-18
