0.27788
0.257995
0.311522
0.251653
0.302676
0.258391
0.265325
0.2573
0.278134
0.252063

0.352561
0.353715
0.352134
0.36848
0.348075
0.423193
0.378497
0.381462
0.379061
0.349005

0.486258
0.492197
0.513493
0.509695
0.5108
0.49085
0.515166
0.508167
0.496756
0.526323

0.270472
0.285849
0.269108
0.262469
0.250808
0.26918
0.246065
0.262514
0.268306
0.252745

0.363821
0.3809
0.37987
0.366313
0.418778
0.425543
0.455688
0.416805
0.428322
0.401236

0.310513
0.320456
0.302848
0.337091
0.320187
0.33544
0.316369
0.310777
0.343541
0.305523

0.45175
0.426192
0.426315
0.415719
0.414807
0.422549
0.411121
0.425932
0.425746
0.418232

0.292917
0.295195
0.293533
0.284183
0.322243
0.303088
0.310455
0.420187
0.350313
0.351723

0.475561
0.458036
0.434669
0.389123
0.415917
0.386999
0.391389
0.392723
0.410345
0.394551

0.547676
0.546367
0.563504
0.545689
0.557836
0.554528
0.54354
0.530285
0.553423
0.53895

0.252059
0.248024
0.256918
0.271025
0.242472
0.266622
0.264091
0.253838
0.256665
0.249568

0.339572
0.330654
0.337197
0.337759
0.341108
0.349846
0.338373
0.350142
0.34226
0.340788

0.478862
0.535937
0.504349
0.492192
0.478589
0.503957
0.493589
0.4914
0.496577
0.493375

0.271345
0.262893
0.251673
0.256391
0.265965
0.264296
0.263175
0.258914
0.264076
0.255529

0.360127
0.378211
0.380398
0.378495
0.364539
0.35885
0.35775
0.362767
0.429478
0.366287

0.290093
0.293418
0.299945
0.30132
0.316317
0.303537
0.279753
0.289253
0.358299
0.312535

0.414281
0.391878
0.410932
0.413837
0.418656
0.40861
0.402033
0.406991
0.41898
0.422723

0.272149
0.281525
0.292524
0.286376
0.279541
0.287509
0.286736
0.29769
0.278016
0.287852

0.414544
0.381488
0.381183
0.385252
0.386613
0.418025
0.38689
0.36844
0.406913
0.369831

0.541972
0.536817
0.539776
0.509155
0.514984
0.536121
0.523355
0.537433
0.552183
0.540326

1.42771
1.45893
1.40817
1.55769
1.43265
1.47704
1.45982
1.44337
1.50369
1.42483

1.58178
1.65553
1.64996
1.58821
1.62152
1.57899
1.63738
1.59155
1.58599
1.63447

1.78572
1.77473
1.8817
1.77303
1.74021
1.7265
1.79925
1.76573
1.76729
1.78062

1.4568
1.48303
1.59919
1.95375
1.67074
1.57615
1.4566
1.52136
1.5198
1.45919

1.61663
1.68883
1.63489
1.65069
1.61811
1.63398
1.64996
1.62818
1.64811
1.60735

1.50654
1.4805
1.49554
1.46885
1.49163
1.54026
1.52469
1.44458
1.49107
1.49778

1.64907
1.61452
1.67337
1.66836
1.66194
1.64131
1.66638
1.67867
1.68346
1.64485

1.53943
1.54077
1.63296
1.56328
1.71419
1.72297
1.69138
1.66797
1.58632
1.71022

1.79515
1.70215
1.71312
1.70088
1.73906
1.71918
1.70737
1.71931
1.80603
1.70966

1.86423
1.8319
1.83076
1.86934
1.89768
1.887
1.87982
1.89176
1.8559
1.85494

0.19156
0.191697
0.187526
0.196571
0.192445
0.195571
0.200044
0.190551
0.198776
0.195173

0.299118
0.295762
0.3118
0.298413
0.30135
0.310299
0.301674
0.289081
0.30133
0.301774

0.441027
0.439267
0.456238
0.443609
0.520063
0.454401
0.447586
0.468337
0.501299
0.451765

0.200155
0.204333
0.20044
0.199299
0.197691
0.206079
0.206502
0.201835
0.206372
0.209401

0.324319
0.316132
0.317281
0.323534
0.318814
0.312862
0.320315
0.344158
0.332951
0.332018

0.242142
0.243328
0.238891
0.258103
0.238978
0.240663
0.238695
0.24118
0.251139
0.250339

0.373393
0.360934
0.362585
0.349101
0.360707
0.367427
0.397703
0.369864
0.362097
0.363959

0.228986
0.230765
0.230471
0.235779
0.224492
0.226008
0.234463
0.230833
0.23685
0.241919

0.313967
0.331259
0.33935
0.338172
0.355764
0.314904
0.334358
0.323852
0.333217
0.322938

0.496837
0.500611
0.502915
0.479845
0.495792
0.493217
0.494766
0.493337
0.483591
0.4735

0.249536
0.272255
0.262129
0.265253
0.257808
0.257817
0.253173
0.248626
0.258963
0.255755

0.406257
0.370346
0.367947
0.37546
0.35712
0.369802
0.361365
0.358796
0.371983
0.360902

0.527129
0.543871
0.549776
0.503525
0.529107
0.524054
0.543735
0.52476
0.524478
0.501423

0.277245
0.262962
0.269751
0.263726
0.271998
0.247777
0.262254
0.254895
0.26056
0.260983

0.39951
0.379862
0.393817
0.391977
0.395367
0.371577
0.391441
0.393573
0.396016
0.390892

0.31065
0.299768
0.315575
0.309805
0.300477
0.329065
0.304084
0.308515
0.286617
0.301789

0.425713
0.423001
0.438708
0.431333
0.44018
0.428328
0.43053
0.425922
0.442208
0.432383

0.304444
0.30026
0.295089
0.303445
0.307251
0.302263
0.328485
0.314407
0.300522
0.2985

0.402057
0.399327
0.413875
0.432683
0.45155
0.394555
0.402275
0.391644
0.410951
0.389148

0.551385
0.567401
0.553291
0.538488
0.542314
0.571842
0.543503
0.545939
0.556922
0.572664

0.472282
0.480269
0.481625
0.491651
0.480253
0.478181
0.475552
0.473359
0.472788
0.469515

0.562493
0.562189
0.558835
0.578408
0.573625
0.590506
0.571744
0.57396
0.594338
0.575698

0.740222
0.737629
0.722844
0.728734
0.756316
0.715878
0.722706
0.73221
0.724879
0.726022

0.481207
0.486028
0.484083
0.525099
0.467752
0.469089
0.470242
0.480384
0.473176
0.476278

0.583675
0.596072
0.605397
0.593266
0.593329
0.591694
0.589515
0.612171
0.604633
0.593617

0.508015
0.521446
0.536835
0.524456
0.520087
0.522198
0.555089
0.509821
0.529727
0.520756

0.641692
0.639024
0.626196
0.631243
0.634919
0.638066
0.631615
0.643444
0.648761
0.662573

0.519415
0.535573
0.515349
0.520942
0.518768
0.509892
0.510325
0.520399
0.54201
0.516627

0.612626
0.610774
0.664133
0.604063
0.630574
0.603459
0.602877
0.614412
0.605451
0.606686

0.760248
0.760367
0.745953
0.760774
0.791699
0.742816
0.773965
0.765783
0.751869
0.759887

0.460225
0.463749
0.499167
0.454362
0.459979
0.450788
0.44836
0.451423
0.465898
0.449512

0.558527
0.564696
0.56616
0.566478
0.559474
0.563171
0.559847
0.568859
0.57754
0.554023

0.742335
0.7089
0.746615
0.715983
0.723686
0.709112
0.753948
0.723159
0.713221
0.753921

0.506441
0.487563
0.473451
0.476061
0.476642
0.477295
0.478247
0.473598
0.472772
0.482776

0.611901
0.597072
0.582528
0.594228
0.583315
0.593095
0.598738
0.590305
0.641224
0.614301

0.526976
0.532549
0.525362
0.524043
0.504389
0.521861
0.552841
0.520477
0.535953
0.499554

0.640766
0.627719
0.631175
0.63509
0.647206
0.644184
0.63885
0.642586
0.636243
0.651008

0.51529
0.511209
0.52618
0.523885
0.545802
0.522644
0.518075
0.505549
0.497899
0.506625

0.6122
0.615977
0.61195
0.607577
0.61161
0.627156
0.616054
0.605934
0.61994
0.592179

0.748434
0.74606
0.735981
0.773223
0.741131
0.752739
0.747999
0.75185
0.750336
0.759008

0.296109
0.317292
0.275709
0.27961
0.279453
0.29484
0.272222
0.27673
0.275293
0.272764

0.408148
0.38777
0.383694
0.387546
0.39348
0.392038
0.374366
0.392346
0.384514
0.382937

0.533559
0.534194
0.530446
0.529481
0.545808
0.53048
0.529343
0.619019
0.545205
0.53627

0.291263
0.291668
0.300891
0.284359
0.295223
0.298781
0.27253
0.296162
0.292848
0.294198

0.392164
0.407945
0.41003
0.4496
0.419708
0.408766
0.398179
0.385986
0.392613
0.418055

0.32451
0.313779
0.33514
0.319024
0.320128
0.323155
0.327152
0.338758
0.306916
0.313157

0.439788
0.443225
0.439173
0.456168
0.43071
0.445567
0.438058
0.453183
0.45105
0.445078

0.319804
0.316332
0.327593
0.32329
0.320004
0.319787
0.316904
0.317981
0.320754
0.33162

0.419526
0.421698
0.422044
0.412104
0.441886
0.446149
0.426505
0.428456
0.420967
0.432796

0.577764
0.579712
0.609931
0.569983
0.563051
0.610947
0.621508
0.601455
0.568822
0.56068

0.520389
0.523177
0.510235
0.521869
0.525622
0.517678
0.514893
0.523478
0.521569
0.527822

0.616361
0.62222
0.630986
0.609336
0.617517
0.613352
0.62443
0.622301
0.620027
0.619237

0.775533
0.775047
0.786557
0.765012
0.771596
0.788739
0.779249
0.759949
0.784966
0.778312

0.526825
0.53175
0.529205
0.526682
0.537586
0.530037
0.528033
0.524201
0.567743
0.537857

0.647139
0.680756
0.650152
0.635505
0.650867
0.659662
0.681721
0.660192
0.653755
0.667493

0.574002
0.573082
0.568194
0.564828
0.565983
0.61032
0.576313
0.558548
0.563009
0.571886

0.690323
0.691603
0.691194
0.701826
0.704155
0.695968
0.694161
0.692022
0.695394
0.701889

0.570377
0.584521
0.560807
0.566634
0.563643
0.557241
0.564736
0.555418
0.552455
0.579087

0.691531
0.766507
0.685946
0.65346
0.711414
0.737044
0.702025
0.672768
0.675472
0.656295

0.804822
0.805124
0.812607
0.811999
0.835349
0.822126
0.814056
0.815008
0.816695
0.804779

0.813548
0.835705
0.823303
0.852363
0.830162
0.830126
0.880435
0.846944
0.83536
0.829768

0.923281
0.911123
0.925427
0.927345
0.928569
0.929926
0.919497
0.959979
0.932314
0.931724

1.06325
1.13077
1.11073
1.09458
1.10237
1.10067
1.07895
1.0686
1.10531
1.11134

0.838443
0.930353
0.85397
0.862086
0.850922
0.861402
0.845149
0.847637
0.857833
0.859047

0.961018
0.966434
0.968709
0.985887
0.963285
0.987966
1.02172
0.984668
0.977888
0.974778

0.8761
0.902181
0.901007
0.903224
0.912229
0.896204
0.918588
0.923119
0.916169
0.935588

1.04145
1.04744
1.03703
1.01892
1.01769
1.00236
1.03114
1.00812
1.04093
1.00046

0.887898
0.887658
0.88226
0.887878
0.928606
0.863052
0.882792
0.865458
0.897582
0.880185

0.976097
0.982002
0.996506
0.983043
0.964148
1.01826
0.97322
0.960566
0.97365
0.986601

1.16532
1.14947
1.13216
1.15117
1.10607
1.13679
1.10586
1.0859
1.11668
1.10134

