0.389276139999999992724610820005
0.457559729999999997840376408931
0.617023140000000025473525511188
0.408157169999999958065473038005
0.514212639999999998607904672099
0.446155369999999940056056857429
0.51696069000000000048800075092
0.426326439999999973196054270375
0.518412809999999946164450648212
0.673263249999999979777953740268
0.408312390000000025036541728696
0.481754069999999923190614481427
0.627351170000000069038037509017
0.413560040000000017634818050283
0.502930650000000034616221000761
0.454541849999999914011539203784
0.579347300000000009490008778812
0.408704760000000000275122147286
0.50947778000000010223402568954
0.668663730000000011699512469932
1.54871261999999965119911848888
1.6370552199999999221091684376
1.73267489000000018961600289913
1.5338114599999996823243009203
1.65500238000000021720836684835
1.55115666999999990416370110324
1.63770568999999954762358811422
1.52118832000000026027919375338
1.64748584999999958533578592323
1.82178412999999994603683717287
0.394494220000000006542961727973
0.627880500000000063565153141099
0.841610379999999991262882304
0.505882480000000023245831926033
0.713467079999999920225661753648
0.534208530000000014759109490114
0.480775220000000058639955113904
0.362156570000000010978169484588
0.455202909999999960621863692722
0.670765739999999999199076228251
0.395246760000000030288447305793
0.479793689999999994899582134167
0.621059680000000113864189188462
0.405071419999999959848935304763
0.515896139999999947534092825663
0.480937650000000105343644918321
0.562800940000000027296778171149
0.428674859999999935400438744182
0.523299859999999950055382669234
0.670821950000000000180477854883
0.573999139999999963279719850107
0.653131860000000008525944394933
0.815220289999999847552203391388
0.583533830000000031112961096369
0.660661759999999875780929414759
0.601064090000000050828532494052
0.695412920000000100984038908791
0.579378610000000127122632420651
0.669008640000000043279726469336
0.811424799999999946109596749011
0.6130745599999999351226165345
0.684636200000000028076385660825
0.864292399999999849669052309764
0.651344739999999977619893343217
0.731441079999999965721713124367
0.664021800000000106400932509132
0.76774246000000001544094629935
0.632040500000000005087485988042
0.709241769999999993601136338839
0.869785259999999893487654389901
0.406479579999999951489542127092
0.489705190000000012418013284332
0.635277070000000110283622234419
0.409871460000000076284720762487
0.516111079999999944334376777988
0.464634519999999884287689155826
0.567400349999999997763211467827
0.440897739999999926929774574091
0.527078600000000063729999055795
0.633375029999999950014455407654
0.634510079999999976330116169265
0.718537560000000019577726106945
0.847746950000000110136966213759
0.638764579999999915216335466539
0.739669609999999977389961713925
0.679755980000000037399843222374
0.777481470000000007836149507057
0.671353149999999954111729039141
0.754377609999999920731283964415
0.884253359999999988261265571055
0.404375440000000030416060781135
0.479363810000000001299014229517
0.600580520000000062097456066112
0.40816006999999998594574890376
0.494785309999999978192164462598
0.431175069999999938108459218711
0.52493874999999989849897019667
0.419569299999999922867743862298
0.502940639999999938858366022032
0.635481280000000037233576222206
