0.382385
0.407162
0.40822
0.411182
0.36923
0.385972
0.367724
0.377279
0.401064
0.382544

0.446654
0.445557
0.444122
0.461279
0.445581
0.474995
0.455481
0.462732
0.466049
0.473147

0.609566
0.638215
0.606268
0.606282
0.612462
0.644556
0.597131
0.606023
0.647045
0.602683

0.418985
0.389985
0.397516
0.402545
0.398009
0.416728
0.412508
0.405097
0.421709
0.418491

0.502183
0.487545
0.514787
0.56744
0.530971
0.529343
0.538221
0.510208
0.501306
0.460122

0.411698
0.413684
0.447995
0.434233
0.431621
0.412127
0.470496
0.480401
0.469417
0.489881

0.516624
0.506431
0.549532
0.514065
0.512857
0.512628
0.523044
0.506521
0.508519
0.519385

0.397875
0.407931
0.410889
0.461482
0.460759
0.428478
0.416158
0.421466
0.408137
0.45009

0.492318
0.505397
0.488129
0.549737
0.509814
0.526973
0.509318
0.563671
0.504647
0.534125

0.736378
0.663748
0.707896
0.656772
0.637531
0.623328
0.621972
0.658698
0.689179
0.737131

0.489134
0.395713
0.419264
0.407616
0.398144
0.407934
0.393002
0.388619
0.383947
0.399751

0.480866
0.489965
0.481402
0.492926
0.457789
0.477177
0.470676
0.524066
0.464205
0.478468

0.638975
0.701278
0.657693
0.643683
0.62277
0.619
0.60697
0.598495
0.595535
0.589113

0.450053
0.418445
0.416931
0.407254
0.397843
0.416504
0.422325
0.388251
0.410137
0.407859

0.53086
0.513705
0.494614
0.478762
0.525476
0.52721
0.530803
0.475418
0.479753
0.472705

0.446035
0.421254
0.475698
0.492621
0.460464
0.439127
0.458479
0.451717
0.437246
0.462779

0.604097
0.561736
0.566243
0.610483
0.594117
0.590773
0.573083
0.5873
0.555881
0.549761

0.407324
0.392092
0.388794
0.391226
0.408828
0.389059
0.450439
0.4203
0.418426
0.420558

0.491293
0.492446
0.520846
0.51065
0.502753
0.491794
0.518968
0.506088
0.533602
0.526338

0.67153
0.648564
0.643384
0.662974
0.631411
0.67936
0.719218
0.671117
0.670663
0.688417

1.47761
1.56932
1.47984
1.54368
1.48243
1.58989
1.62294
1.53714
1.56111
1.62318

1.63249
1.62831
1.63888
1.85916
1.68293
1.56549
1.56148
1.58826
1.63295
1.58061

1.72221
1.81124
1.65273
1.7075
1.76831
1.71414
1.66403
1.78504
1.70387
1.79768

1.52874
1.49155
1.53221
1.52616
1.53943
1.59926
1.5188
1.51132
1.55207
1.53859

1.59928
1.62812
1.6071
1.58204
1.80543
1.83112
1.64565
1.61857
1.58738
1.64532

1.54245
1.54338
1.54444
1.53631
1.58323
1.56855
1.53638
1.57893
1.55657
1.52133

1.60882
1.62247
1.62434
1.6198
1.59548
1.65263
1.67251
1.64847
1.69209
1.64044

1.49594
1.57467
1.51082
1.51051
1.51589
1.50143
1.46567
1.57926
1.5235
1.53419

1.63368
1.64701
1.68421
1.66801
1.65386
1.65044
1.63492
1.66231
1.59799
1.64243

1.8608
1.86277
1.81519
1.801
1.78659
1.79512
1.8224
1.75136
1.90217
1.82043

0.335437
0.340552
0.317291
0.351335
0.330314
0.331448
0.347386
0.517973
0.483408
0.589798

0.668781
0.585934
0.622861
0.541146
0.58492
0.600886
0.594542
0.634276
0.712793
0.732666

0.850208
0.871869
0.85348
0.836584
0.816645
0.837421
0.957073
0.827626
0.775547
0.789651

0.502108
0.477635
0.49927
0.42821
0.441778
0.539249
0.539121
0.59478
0.525047
0.511627

0.615719
0.667476
0.796184
0.788819
0.70613
0.633745
0.757882
0.718304
0.722948
0.727464

0.64263
0.672552
0.493929
0.521293
0.537996
0.675688
0.629921
0.407693
0.392074
0.36831

0.505292
0.46851
0.487113
0.49038
0.48536
0.482071
0.467658
0.483527
0.455327
0.482514

0.354774
0.350939
0.385592
0.354294
0.35842
0.370646
0.351646
0.382579
0.358075
0.3546

0.442937
0.464417
0.449845
0.440795
0.443252
0.470463
0.460678
0.452747
0.441586
0.485309

0.737534
0.897781
0.769939
0.757471
0.635004
0.575853
0.590287
0.588009
0.589182
0.566599

0.407037
0.392199
0.411266
0.392476
0.378179
0.392165
0.417834
0.385943
0.384596
0.390773

0.47006
0.494159
0.467169
0.470535
0.468838
0.470869
0.476195
0.47176
0.500076
0.508275

0.618042
0.626522
0.626416
0.601591
0.627263
0.633599
0.640529
0.602981
0.624167
0.609487

0.401741
0.408499
0.398995
0.415065
0.401204
0.413886
0.394415
0.431816
0.400413
0.384681

0.514228
0.532831
0.537681
0.531154
0.522877
0.531084
0.508301
0.483413
0.501479
0.495914

0.449433
0.471326
0.443804
0.455378
0.472104
0.519312
0.5267
0.532254
0.482954
0.456112

0.592125
0.584526
0.571589
0.60084
0.53715
0.546795
0.555592
0.532953
0.536034
0.570404

0.434874
0.425216
0.424715
0.413342
0.39963
0.440821
0.433684
0.438539
0.445707
0.43022

0.512685
0.517682
0.534452
0.489403
0.491934
0.492236
0.510758
0.527663
0.649846
0.506342

0.671651
0.714101
0.713833
0.669758
0.651854
0.644672
0.645025
0.661859
0.70629
0.629176

0.570955
0.549596
0.544054
0.592658
0.598642
0.587733
0.613006
0.582112
0.546075
0.55516

0.679806
0.653811
0.640981
0.647995
0.651906
0.661471
0.624579
0.662014
0.643984
0.664771

0.803609
0.783775
0.822359
0.864636
0.878598
0.827102
0.815616
0.797982
0.798145
0.760382

0.583637
0.587063
0.56838
0.580862
0.593399
0.587389
0.563521
0.571194
0.628413
0.57148

0.674519
0.662852
0.639026
0.670812
0.650305
0.645108
0.657097
0.662995
0.666298
0.677607

0.600133
0.608766
0.568462
0.616189
0.602172
0.602466
0.59864
0.59401
0.629726
0.590076

0.707757
0.678158
0.702634
0.695111
0.700213
0.693701
0.691297
0.699358
0.683139
0.70276

0.560817
0.605637
0.568097
0.562896
0.592045
0.600776
0.578397
0.563714
0.57341
0.587998

0.696054
0.654466
0.682837
0.667811
0.663052
0.64828
0.658867
0.676834
0.678774
0.663112

0.853869
0.85451
0.81643
0.827978
0.794825
0.785461
0.785147
0.814429
0.78797
0.793629

0.617554
0.61285
0.605531
0.610368
0.603769
0.631136
0.600591
0.622388
0.62573
0.600829

0.69022
0.680146
0.658287
0.692321
0.691917
0.691647
0.698724
0.692931
0.671601
0.67857

0.84911
0.861047
0.837965
0.858071
0.857441
0.84063
0.820797
0.908451
0.854373
0.95504

0.656355
0.644128
0.641195
0.705529
0.648153
0.630182
0.666056
0.627415
0.646986
0.647448

0.747124
0.736561
0.753057
0.73413
0.751566
0.755991
0.708512
0.701742
0.703248
0.722478

0.644573
0.661302
0.64307
0.647711
0.693346
0.678913
0.668016
0.687857
0.659554
0.655877

0.771645
0.757142
0.78766
0.742659
0.764101
0.785891
0.758697
0.754373
0.771442
0.783814

0.636202
0.631334
0.637328
0.650227
0.620101
0.615552
0.623539
0.620989
0.633582
0.651551

0.709087
0.720546
0.703641
0.707356
0.724099
0.695334
0.696322
0.709995
0.698487
0.72755

0.866582
0.852867
0.882302
0.844728
0.899616
0.859806
0.847672
0.884899
0.883348
0.876034

0.406041
0.403827
0.416038
0.417039
0.419297
0.397362
0.420785
0.383149
0.402467
0.39879

0.491096
0.485831
0.466525
0.489395
0.49033
0.506411
0.477257
0.48943
0.498747
0.502031

0.656162
0.63287
0.634834
0.616788
0.635381
0.642558
0.675512
0.600188
0.631277
0.627201

0.402087
0.39851
0.407298
0.399818
0.40885
0.439902
0.414341
0.399856
0.411159
0.416895

0.584023
0.507674
0.529215
0.514299
0.497139
0.503042
0.512296
0.492065
0.514359
0.506999

0.452103
0.479159
0.46433
0.445883
0.481529
0.471683
0.452811
0.461123
0.460286
0.477438

0.587002
0.610869
0.552174
0.557886
0.548634
0.563828
0.537391
0.580298
0.553547
0.582373

0.441116
0.4502
0.458334
0.461664
0.440501
0.444721
0.425917
0.428494
0.42528
0.432751

0.5586
0.522093
0.510508
0.511614
0.558863
0.537478
0.535031
0.513704
0.511076
0.511819

0.635551
0.626297
0.634912
0.636715
0.630028
0.630164
0.62875
0.629044
0.638908
0.643381

0.640486
0.631807
0.632132
0.638434
0.627012
0.63072
0.627065
0.668608
0.62572
0.623117

0.724107
0.736456
0.71252
0.713803
0.729381
0.711313
0.719833
0.72708
0.706693
0.70419

0.839195
0.838677
0.850388
0.828428
0.864737
0.837452
0.869218
0.864956
0.836183
0.848235

0.629074
0.633925
0.651066
0.631818
0.638818
0.64921
0.653198
0.642709
0.624801
0.633027

0.718123
0.74921
0.705078
0.737874
0.732202
0.744261
0.749156
0.749839
0.759207
0.751745

0.693069
0.676883
0.655405
0.67976
0.693247
0.68226
0.680463
0.684796
0.689635
0.662042

0.767037
0.781496
0.757676
0.757152
0.82705
0.784863
0.773612
0.774554
0.788529
0.762845

0.681996
0.679641
0.674818
0.651365
0.672865
0.654165
0.666244
0.681816
0.673685
0.676937

0.770925
0.742079
0.760695
0.750478
0.773205
0.765724
0.750663
0.745141
0.741172
0.743695

0.886924
0.89726
0.866173
0.903924
0.873105
0.874453
0.88931
0.887858
0.882879
0.880647

0.397206
0.420866
0.388594
0.402147
0.402693
0.403121
0.401335
0.404088
0.411063
0.412639

0.493234
0.52043
0.467851
0.475363
0.485291
0.468394
0.469914
0.481839
0.463893
0.467429

0.595091
0.604827
0.610537
0.608098
0.594262
0.5934
0.579535
0.591694
0.607164
0.621198

0.407205
0.413573
0.404151
0.404834
0.428991
0.405856
0.40844
0.40311
0.406577
0.398863

0.51823
0.486789
0.483638
0.507774
0.495076
0.517283
0.486806
0.488782
0.484621
0.478855

0.428915
0.427766
0.425692
0.427434
0.433328
0.408349
0.434604
0.443584
0.430322
0.451757

0.523615
0.53501
0.54114
0.516024
0.538351
0.492623
0.5345
0.514666
0.541873
0.511584

0.418764
0.426318
0.398204
0.422877
0.424645
0.413755
0.429491
0.418071
0.426921
0.416648

0.504986
0.50652
0.497798
0.511394
0.490409
0.492651
0.525283
0.511156
0.483483
0.505727

0.627085
0.623378
0.647664
0.629154
0.624671
0.641022
0.641083
0.643878
0.631682
0.645196

