6.96476
0.901891
10.1239
3.865
0.462984
0.261256
3.64862
0.0103109
2.62772
3.61295
rand 1

1.02282e-07
5.475e-09
9.6346e-11
6.59198e-07
5.45338e-08
3.78871e-10
2.12114e-07
2.23676e-05
1.0202e-11
1.20418e-08
rand 1

21.7145
730.354
113.739
12.6208
56.2608
24.2363
160.627
799.543
297.877
230.246
rand 1

0.00690332
0.752731
0.000116597
0.585606
0.019367
2.83572e-06
0.00381695
0.00239228
0.00266343
1.23622e-06
rand 1

0.00247424
0.0109432
0.0557106
0.0717431
0.186706
0.0159509
0.00818725
0.405163
0.00498343
0.0650464
rand 1

2.51432
2.06179
3.23857
3.12727
3.90399
3.0707
2.1174
2.18719
1.80902
2.40625
rand 1

9.1286
7.40576
8.8877
36.0155
11.961
11.2998
14.9939
6.99222
17.9516
9.95203
rand 1

2.6369
0.542819
0.262129
1.69266
0.497778
1.16533
0.085076
1.34526
5.16743
0.323184
rand 1

0.0140607
0.298032
0.221084
0.220183
0.0671958
1.02497
1.27624
0.665833
0.610376
1.0739
rand 1

9.07317
9.38018
8.78763
9.20968
9.37438
9.27077
9.23752
9.20239
9.40137
9.20845
rand 1

