526.291
481.759
505.281
593.773
431.031
408.27
548.892
645.068
559.318
513.144
BEST 1

323.476
268.738
353.842
287.332
341.653
94.2515
304.273
271.619
154.684
502.533
BEST 2

26.1524
39.4052
26.3066
57.1009
74.6162
129.816
39.5028
56.611
53.2521
27.9866
BEST 3

55.5085
92.1162
82.137
80.9306
83.917
62.8978
72.9139
52.6386
54.2717
44.4513
cur to BEST 1

20.2425
13.3935
20.2777
10.2644
18.5777
18.6662
38.8006
23.0297
26.856
34.4451
Cur to Best 2

38.1908
51.6787
91.9142
58.5545
37.1171
31.6262
86.7979
47.3968
76.1554
30.9926
cur to rand 1

12.0931
5.69215
4.33365
6.0412
6.85452
11.6334
13.4354
12.3179
7.01057
9.46122
cur to rand 2

0.715378
1.16803
0.835508
0.16543
4.05232
3.15925
0.239945
2.3264
0.00354151
0.0708214
rand 1

1.74589e-38
9.02407e-38
1.66857e-38
2.73349e-39
5.65113e-37
3.8028e-38
8.79643e-38
7.96388e-38
2.01034e-37
7.95095e-39
rand 2

2.8159e-23
1.20509e-22
6.25959e-23
9.65273e-22
9.05679e-23
1.13261e-22
3.4127e-23
1.47134e-22
4.4369e-23
1.64929e-22
rand 3

