0.80 0.50

86.9267
146.673
86.5667
55.8556
43.7615
151.938
67.1772
79.5182
124.687
89.4836
BEST 1

4.2039e-45
1.70958e-43
1.12104e-44
2.8026e-45
1.96182e-44
4.34403e-44
9.60339e-40
1.4013e-44
1.4013e-45
9.80909e-45
BEST 2

6.0351e-07
3.98102e-07
8.2659e-08
1.53861e-07
2.04168e-07
3.09504e-07
1.06166e-06
2.77081e-07
4.39273e-07
2.57576e-07
BEST 3

31.1623
52.7689
36.1357
49.1972
13.5463
47.2747
84.9419
12.6242
36.7386
39.1012
cur to BEST 1

6.16571e-44
3.95166e-43
7.28675e-44
1.56945e-43
2.92871e-43
1.47136e-43
1.96182e-44
4.28797e-43
7.28675e-44
5.88545e-44
Cur to Best 2

3.56351
2.68289
1.59056
3.04723
6.34121
5.16227
6.0859
5.13689
2.44842
2.40514
cur to rand 1

7.80117e-28
3.20675e-28
1.59247e-27
1.38976e-27
1.03255e-27
1.57839e-27
1.05822e-27
8.63635e-28
1.5169e-27
4.70683e-28
cur to rand 2

1.79174e-27
1.21682e-27
2.05003e-26
1.02038e-27
2.09251e-27
5.75187e-27
1.63568e-26
1.35567e-27
8.69691e-27
7.38361e-27
rand 1

0.000582581
0.00410678
0.00068303
0.00142498
0.00331936
0.00132078
0.00211062
0.00214765
0.00100703
0.00226591
rand 2

59.7199
41.4919
60.1095
55.9146
68.9327
65.762
54.3771
39.7814
73.5372
55.6062
rand 3

