309.771
201.818
178.438
184.905
433.044
197.595
206.018
219.093
489.399
162.947
BEST 1

1.4013e-45
1.4013e-45
8.40779e-45
2.8026e-45
2.8026e-45
2.8026e-45
1.4013e-45
5.60519e-45
1.4013e-45
8.40779e-45
BEST 2

1.68436e-09
6.48008e-10
2.13436e-09
4.71045e-09
4.72105e-10
1.65212e-09
3.45632e-09
1.45302e-09
6.34352e-09
3.74364e-09
BEST 3

67.3791
129.153
50.6296
88.2702
90.8167
81.8189
34.5205
98.6842
36.3471
84.8012
cur to BEST 1

3.50325e-44
0
4.45613e-43
7.30076e-43
2.8026e-45
2.36819e-43
7.90332e-43
4.30199e-43
1.82169e-44
2.94273e-44
Cur to Best 2

19.4431
19.6753
18.1756
16.8342
13.419
2.7128
23.1472
10.8214
20.2584
12.1859
cur to rand 1

5.28804e-29
4.33967e-30
1.25891e-28
2.82202e-28
1.98023e-29
3.99304e-29
2.3739e-27
3.6624e-29
3.96541e-29
1.20449e-28
cur to rand 2

8.53327e-29
1.5748e-28
3.71875e-25
1.83129e-27
2.0075e-26
8.07413e-29
2.78922e-29
2.75099e-28
4.68306e-31
5.75969e-27
rand 1

4.45747e-05
3.62244e-05
9.03199e-05
8.20474e-05
2.53866e-05
6.60525e-05
0.00010634
1.30958e-05
8.37291e-05
4.84363e-05
rand 2

46.6428
45.7389
49.9121
97.0574
43.0278
37.6656
67.3023
74.3775
78.5185
55.8058
rand 3

140.371
108.999
94.8648
43.9322
46.5647
172.815
