193.826
299.874
238.611
293.965
153.295
238.993
256.556
201.052
160.456
119.066
BEST 1

7.84727e-44
0
4.2039e-45
2.8026e-45
2.8026e-45
1.4013e-45
1.4013e-45
2.8026e-45
2.10195e-44
2.8026e-45
BEST 2

2.42108e-09
1.2371e-09
1.90245e-09
6.97675e-09
2.76967e-09
6.90283e-10
6.19311e-10
1.31139e-09
1.64034e-09
1.34443e-09
BEST 3

50.7739
35.7138
64.8177
87.4345
45.3909
108.587
87.6307
112.146
57.6913
43.5232
cur to BEST 1

8.26766e-44
1.55544e-43
2.62043e-43
7.93135e-43
6.86636e-44
5.36697e-43
7.00649e-45
3.22299e-44
1.33824e-42
3.81153e-43
Cur to Best 2

11.4412
9.10463
15.5566
4.7032
14.7084
21.8427
26.0676
11.7662
12.4659
11.1955
cur to rand 1

4.41927e-29
2.14737e-29
9.12056e-29
3.40096e-28
1.59682e-29
4.91544e-30
5.99899e-29
3.6732e-27
2.19273e-29
4.58312e-29
cur to rand 2

4.32625e-28
1.53665e-28
3.48608e-29
1.36847e-28
3.18646e-27
3.46104e-27
7.94074e-30
3.59066e-29
2.01938e-28
1.86819e-28
rand 1

7.49878e-05
4.17747e-05
0.000128628
2.37423e-05
5.19768e-05
5.18326e-05
6.59751e-05
8.83945e-05
8.33081e-05
4.02217e-05
rand 2

40.9601
71.5054
73.975
96.4557
29.6736
83.4972
72.6205
50.7608
44.2442
58.9355
rand 3

