0.200642
0.204834
0.2028
0.206274
0.217193
0.217702
0.217336
0.205167
0.214328
0.20351

0.278687
0.282759
0.282175
0.294616
0.286592
0.292061
0.296728
0.303275
0.286438
0.287137

0.397312
0.369609
0.381479
0.446455
0.437049
0.398454
0.400356
0.375931
0.393489
0.385088

0.228767
0.230887
0.228067
0.219516
0.214598
0.225646
0.209787
0.214225
0.210375
0.211453

0.294583
0.288896
0.294551
0.295104
0.299582
0.302308
0.289502
0.294681
0.295911
0.29929

0.235832
0.238731
0.240309
0.241808
0.24021
0.241889
0.240576
0.239666
0.240656
0.248903

0.34579
00.54146700.54673600.539572
0.530582
0.535353
0.543411
0.533563
0.552481
0.537104

0.450128
0.447136
0.455987
0.452612
0.440889
0.435911
0.441856
0.44201
0.442625
0.450188

0.539694
0.530254
0.526007
0.551411
0.529113
0.525399
0.523663
0.538331
0.531353
0.523367

0.649888
0.648092
0.646955
0.649644
0.648351
0.658256
0.639292
0.642233
0.648807
0.643979

0.418026
0.420337
0.416889
0.418406
0.45554
0.41639
0.415869
0.446556
0.430052
0.416693

0.483595
0.469215
0.469011
0.493394
0.49289
0.502059
0.473685
0.487683
0.466618
0.474361

0.600431
0.568625
0.601144
0.565039
0.582794
0.571469
0.567476
0.578596
0.567262
0.577943

0.419723
0.418154
0.418502
0.426778
0.419394
0.418684
0.425082
0.429227
0.417032
0.414376

0.521063
0.513319
0.502801
0.495168
0.481002
0.491786
0.484816
0.474188
0.482336
0.488162

0.440838
0.442637
0.441768
0.464256
0.445788
0.44776
0.441899
0.439575
0.470513
0.442539

0.536369
0.528382
0.552982
0.533385
0.581612
0.533262
0.562893
0.528437
0.539101
0.541518

0.433976
0.438507
0.434192
0.429997
0.450822
0.447671
0.431881
0.441911
0.440318
0.432031

0.515066
0.505595
0.521689
0.499705
0.496308
0.503898
0.501991
0.513072
0.515254
0.50995

0.618205
0.647135
0.635606
0.626109
0.629133
0.624826
0.617278
0.616932
0.623954
0.644959

1.3246
1.29728
1.30679
1.289
1.29044
1.27948
1.29499
1.27884
1.30635
1.30893

1.35164
1.35964
1.3587
1.36414
1.35104
1.36139
1.35937
1.34211
1.36903
1.38234

1.46072
1.4488
1.48813
1.45169
1.44777
1.47532
1.462
1.46624
1.44872
1.44131

1.30288
1.30575
1.31631
1.29993
1.29239
1.30461
1.31574
1.32372
1.32977
1.29347

1.37678
1.38524
1.37774
1.36933
1.37521
1.36179
1.37553
1.39917
1.39505
1.39134

1.33149
1.33869
1.32979
1.31794
1.32323
1.35499
1.38031
1.31701
1.31756
1.33019

1.42343
1.42016
1.4104
1.40601
1.44741
1.44208
1.42248
1.42901
1.4127
1.45429

1.40719
1.41079
1.43955
1.46641
1.45189
1.42565
1.39547
1.41556
1.44619
1.37676

1.53569
1.50462
1.56541
1.51266
1.52421
1.50724
1.54331
1.54951
1.5219
1.51852

1.63523
1.61929
1.6538
1.6381
1.67193
1.67048
1.64383
1.6582
1.66305
1.69649

0.373352
0.383482
0.370237
0.397842
0.402586
0.430029
0.422042
0.37659
0.38561
0.393694

0.453591
0.441854
0.422664
0.421
0.43621
0.436783
0.428272
0.428638
0.460652
0.43087

0.512912
0.51205
0.516954
0.512719
0.5269
0.516502
0.548299
0.521243
0.530107
0.514527

0.370309
0.378742
0.372876
0.36702
0.370526
0.37106
0.375994
0.373807
0.377273
0.366012

0.433445
0.44059
0.441738
0.44966
0.471097
0.440438
0.474357
0.487262
0.470066
0.45875

0.403205
0.394302
0.399494
0.418622
0.397278
0.397084
0.399541
0.397327
0.39585
0.398587

0.525388
0.493812
0.490452
0.49798
0.493891
0.50492
0.511365
0.513958
0.506982
0.495014

0.395165
0.393057
0.424811
0.409661
0.398793
0.416048
0.412599
0.415969
0.410012
0.411544

0.487166
0.497734
0.494291
0.477611
0.48446
0.482969
0.480065
0.467549
0.493568
0.469602

0.603195
0.580113
0.610295
0.610319
0.592795
0.591202
0.600877
0.620309
0.634971
0.649927

0.428689
0.41817
0.416581
0.431003
0.446702
0.41452
0.417288
0.440262
0.417401
0.407915

0.491515
0.524656
0.503016
0.505564
0.511637
0.491758
0.516412
0.510753
0.517673
0.482714

0.608538
0.592504
0.594588
0.622917
0.601283
0.592571
0.61758
0.610244
0.613846
0.594796

0.447013
0.435746
0.43212
0.431922
0.441219
0.447497
0.433403
0.436461
0.443111
0.444084

0.527024
0.507413
0.516308
0.517796
0.508723
0.511419
0.513098
0.520172
0.513072
0.514987

0.467553
0.462179
0.48684
0.487727
0.491395
0.477998
0.496292
0.470085
0.48361
0.482435

0.610022
0.596565
0.577393
0.578574
0.603191
0.578346
0.573046
0.563614
0.586305
0.587016

0.491725
0.46868
0.46377
0.475214
0.473279
0.477102
0.496215
0.477276
0.483079
0.524209

0.556984
0.70374
0.565705
0.69591
0.718071
0.609955
0.637917
0.660735
0.650635
0.681276

0.822894
0.85672
0.895244
0.806062
0.861281
0.908347
0.846223
0.825842
0.825709
0.811934

0.72963
0.748102
0.698095
0.708151
0.727015
0.683001
0.692117
0.711813
0.720754
0.689563

0.847923
0.813454
0.802208
0.76806
0.792826
0.829869
0.797397
0.812329
0.906198
0.904492

1.01234
1.01602
1.04524
1.02382
1.02122
0.933437
0.966642
0.994403
0.956615
0.906609

0.76396
0.748497
0.722294
0.716858
0.70157
0.74459
0.73809
0.754387
0.711625
0.754742

0.92878
0.899093
0.791906
0.813888
0.836311
0.807296
0.85708
0.843535
0.831221
0.869549

0.799181
0.815343
0.740923
0.771492
0.830906
0.810985
0.747943
0.741825
0.793782
0.752699

0.960344
0.939735
0.920359
0.867721
0.909511
0.881768
0.931075
0.933656
0.920589
0.903992

0.725555
0.788094
0.7983
0.714756
0.740875
0.834067
0.77322
0.795025
0.750493
0.783273

0.867374
0.888652
0.889536
0.861361
0.820043
1.05359
0.928644
0.949861
0.929571
0.86489

0.971373
0.931566
0.903534
0.891508
0.913145
0.94216
0.983482
1.01523
0.954907
0.940083

0.736068
0.770294
0.80736
0.734447
0.757173
0.657307
0.667757
0.703963
0.764918
0.770815

0.784753
0.73715
0.733407
0.721613
0.676783
0.697898
0.716665
0.78449
0.753828
0.775825

0.925685
0.821131
0.78768
0.816199
0.807234
0.801134
0.84083
0.810211
0.814997
0.795743

0.659028
0.650407
0.667442
0.656439
0.638189
0.648182
0.680016
0.707734
0.666211
0.702383

0.797562
0.748553
0.843077
0.774638
0.797284
0.764194
0.82755
0.798183
0.809341
0.84696

0.765107
0.739765
0.77411
0.731187
0.723754
0.765168
0.732065
0.790501
0.786983
0.852508

1.10572
1.1642
1.23587
1.53409
1.21088
1.02368
0.830314
0.816239
0.82977
0.835907

0.715254
0.696449
0.714578
0.71879
0.695419
0.708108
0.863012
0.805057
0.730153
0.699769

0.806765
0.775592
0.795318
0.774291
0.79225
0.791062
0.780431
0.827452
0.802505
0.849163

0.94505
0.933636
0.966526
0.910082
0.941875
0.956136
0.961184
1.03589
0.979861
0.961375

0.478852
0.471409
0.483326
0.475063
0.486424
0.471501
0.472367
0.476475
0.480196
0.481251

0.543578
0.564311
0.581496
0.544008
0.540307
0.553388
0.554533
0.555907
0.580582
0.540638

0.663421
0.66641
0.653425
0.643167
0.642063
0.651663
0.661022
0.640299
0.710888
0.63974

0.492967
0.486
0.492561
0.489021
0.476937
0.475413
0.479377
0.491002
0.494394
0.499185

0.551732
0.553492
0.565142
0.546828
0.57607
0.593703
0.572775
0.596246
0.543758
0.555683

0.545402
0.516025
0.521244
0.500974
0.523336
0.530998
0.526949
0.508073
0.519243
0.508409

0.6616
0.63702
0.640814
0.624564
0.621359
0.625906
0.66185
0.613175
0.617222
0.611812

0.496882
0.511684
0.516475
0.524961
0.500841
0.492694
0.496071
0.50258
0.492532
0.501644

0.619701
0.583743
0.589003
0.596012
0.600145
0.599956
0.594555
0.591535
0.589912
0.587122

0.74096
0.732437
0.712948
0.750783
0.718725
0.714875
0.712539
0.729359
0.724228
0.727723

0.696522
0.693401
0.698221
0.732721
0.691554
0.687296
0.709007
0.697165
0.702238
0.704117

0.764589
0.782179
0.799896
0.772686
0.755618
0.77921
0.751786
0.751648
0.756318
0.753798

0.856366
0.899591
0.860844
0.896443
0.946421
0.979764
0.915392
0.96692
0.871251
0.900054

0.704412
0.717479
0.769359
0.748805
0.726446
0.753271
0.738474
0.714851
0.758254
0.733856

0.781539
0.795272
0.80737
0.794403
0.806107
0.784411
0.776737
0.772446
0.782399
0.792464

0.735911
0.737289
0.79273
0.749013
0.733354
0.732933
0.746347
0.723363
0.740527
0.720838

0.828576
0.847053
0.826133
0.837031
0.82525
0.843434
0.827996
0.818668
0.823153
0.833836

0.732602
0.726256
0.724275
0.758545
0.741776
0.72093
0.786871
0.743253
0.733802
0.734806

0.847821
0.808364
0.819444
0.847704
0.809432
0.798076
0.851448
0.818927
0.822306
0.8278

0.963101
0.959699
1.03024
0.977672
0.956178
0.958073
0.972235
0.972268
0.96535
0.948612

0.968814
0.995704
0.98071
0.991732
0.996922
0.957676
1.00431
0.998083
0.974978
1.01096

1.10702
1.05261
1.03662
1.09415
1.13156
1.06428
1.0328
1.01563
1.03074
1.03273

1.11341
1.11726
1.12715
1.13127
1.11949
1.11551
1.12354
1.10332
1.12308
1.11616

0.965193
0.951554
0.976023
0.964317
0.986935
0.959131
0.962744
0.961688
0.973042
0.963546

1.03648
1.01852
1.03306
1.04821
1.05904
1.04004
1.04087
1.03029
1.03808
1.03677

0.996516
0.98907
1.00069
1.00671
1.00779
1.019
0.99226
0.986072
1.00492
0.999941

1.09636
1.08221
1.07705
1.13091
1.08287
1.0904
1.09253
1.08401
1.10964
1.08328

0.976118
0.983193
0.992464
0.98748
0.995479
0.993786
1.00576
0.984589
0.974964
0.983365

1.0639
1.05785
1.09846
1.05268
1.05563
1.08738
1.09493
1.07864
1.05619
1.07853

1.18715
1.18282
1.17591
1.17767
1.1867
1.196
1.20736
1.2407
1.22841
1.28176

3982
1.03007
1.08991
1.0389
1.0128
1.01637
1.03937

