34.0801
8.62794
0.707115
13.0533
0.547259
1.1204
0.392167
0.583994
0.701478
0.506654
4.62097e-27
2.38333e-21
1.44907e-18
2.31766e-24
3.3365e-20
3.18524e-20
2.22664e-18
7.58791e-22
3.09029e-19
2.9742e-17
1634.13
54.8697
6.35304
400.868
6.99181
144.495
1.50363
6.40574
2.24877
9.05144
5.71571
0.777097
0.212373
2.41656
0.20968
0.973158
0.273946
0.32824
0.385671
0.256656
1.86647
0.300156
0.0278027
0.511982
0.0169003
0.116098
0.022322
0.0081785
0.0348505
0.0372839
7.6305
3.23172
2.22525
4.59027
2.2861
3.06182
2.39074
2.18881
2.18832
2.30522
30.6047
14.2873
8.79701
24.8071
24.4035
18.9127
18.5647
1.32395
1.47914
10.2758
4.95006
0.192964
0.0575066
0.5883
0.135562
0.146231
0.0269176
0.121513
0.0487661
0.0433333
7.94672
1.84336
0.748138
3.03678
0.725624
1.26447
0.361896
0.666615
0.266129
0.385559
12.223
11.0168
10.6294
10.0925
10.544
8.63318
8.70727
9.90737
10.4489
10.3642
2.82491
0.112762
0.0507283
0.764762
0.0707456
0.197821
0.0649767
0.0816489
0.0257916
0.0802397
2.75758e-15
6.83639e-26
