4.4254953
0.23766535
0.30356194
2.9899139
0.59035344
0.29454144
9.6211494
2.7241535
3.9748068
3.0874575

0.12518908
0.0027492855
0.24126033
0.0027535433
0.091899045
0.15844469
0.4017504
0.011280708
0.086879233
0.0054094865

0.008756327
0.010903468
0.062507966
0.08507318
0.1527783
0.027235258
0.0042653462
0.070177709
0.078632336
0.0069529851

0.17688922
0.50592697
0.035468264
1.7275097
1.7700338
0.11860572
0.27797672
1.2443667
1.4793827
0.31145939

0.0013780476
0.0051555217
0.35072554
0.10612549
0.068940331
0.0037675306
0.0046536709
0.0047291975
0.098886663
0.06309414

0.067246907
0.0055479692
0.07220859
0.044230361
0.20011129
0.40154033
0.63509965
0.0017097059
0.027963944
0.52254708

0.23859779
0.031359727
0.054368617
0.058261202
0.20753512
0.011578336
0.0048397775
0.013294065
0.016652977
0.013279188

0.19688396
0.0030378614
0.0050125276
0.30904922
0.011016645
0.015003209
0.0069590287
0.2632975
0.0023597785
0.0038689737

0.014943667
0.0080387298
0.016046982
0.0037874653
0.011817873
0.01191679
0.013733947
0.024820458
0.12984873
0.022961721

0.080243838
0.29569723
0.0090222839
0.15011865
0.02181819
0.012107483
0.021591606
0.030789254
0.067664288
0.11334421

2.7575815e-14
0
1.0539993e-20
1.1157093e-22
0
2.9173148e-31
9.7727284e-38
3.8368705e-31
5.1438147e-38
2.4824002e-41

3.3180127e-35
5.4888861e-42
8.3947252e-35
0
7.4340536e-34
8.6108818e-35
8.3769318e-26
5.998699e-25
0
0

