20.720856
79.150764
4.3646317
14.468174
36.395287
24.111668
37.899406
34.821468
78.650848
10.217544

19.938684
7.7497911
3.2253146
2.2330971
7.5444198
2.3795671
5.5928001
4.0997043
6.7563677
26.759636

0.057318561
0.063092954
0.7977584
0.7836563
1.8263733
0.068894766
0.14069615
0.091682784
0.47187027
2.769809

13.243406
3.8573709
9.9720564
13.720632
12.445499
15.592336
12.886411
8.6356335
15.954878
24.225027

0.12485157
0.10522917
0.38129985
2.1231763
0.12809099
0.16305315
0.54915386
1.1516076
0.55858183
0.18754414

0.92272091
4.0444384
0.63747293
0.47886571
0.50668043
0.99659508
0.98256969
1.1422774
0.73098129
0.76136845

0.59879953
0.016938942
0.063106135
0.095693983
2.3002565
0.53420889
0.00077979255
0.031104449
0.21079014
0.069987185

0.00044242543
0.00024976893
0.73396134
0.44535303
2.1636977
0.1101949
0.61935228
0.064086214
1.4228562
0.27975041

0.389384
0.46264926
0.71653551
0.09126877
0.49907002
0.078318566
0.30295458
3.4737561
0.28145942
0.71938342

0.45662227
0.10024167
1.4610792
0.00017749086
0.10758474
1.7568487
0.020004088
0.10965183
1.0174189
0.036911689

1.2723691e-29
5.1365744e-30
3.508713e-29
9.6482523e-28
4.5979883e-28
1.1305008e-27
1.0841279e-26
4.8737914e-30
5.2164564e-27
2.7539066e-26

4.7273765e-23
1.3894286e-23
9.7713095e-23
1.8660564e-24
2.2980103e-20
4.5016277e-24
6.5045643e-22
1.6433146e-23
1.2930217e-25
2.0907487e-23

5.44139e-19
1.3612792e-17
1.394268e-21
2.3480948e-20
2.555423e-19
1.0485896e-20
1.7178382e-21
5.4613158e-21
3.4014436e-20
1.6235663e-21

1.6043664e-26
3.2027869e-25
1.7998547e-26
1.4271386e-27
1.1425879e-23
4.9025625e-28
1.4820964e-28
2.0988985e-26
1.1232181e-23
1.4121217e-25

1.5799416e-20
6.2886531e-21
6.0584714e-22
2.2161309e-19
8.1826298e-21
7.3732456e-20
3.968089e-22
4.5904017e-21
2.3907626e-21
4.9451942e-23

2.7131908e-22
6.8610709e-22
1.6122171e-22
4.2983694e-20
2.1345215e-23
1.8254113e-21
3.9873665e-24
2.6599993e-19
6.5619261e-21
9.0109041e-24

7.8952948e-20
2.0977344e-19
9.462172e-20
1.3681447e-17
1.0751916e-20
1.2207047e-19
2.4083071e-19
6.0614695e-18
1.7177469e-18
4.8769612e-20

7.5128663e-21
1.8698163e-23
3.6131174e-24
1.8240006e-24
2.1143954e-23
6.8862398e-24
7.0373745e-26
3.6231478e-28
2.2672536e-23
1.3952722e-25

2.9555945e-20
2.072492e-19
1.8493066e-22
2.8804056e-22
2.0881829e-18
3.4441746e-19
3.117712e-19
1.0708301e-20
9.329162e-20
4.6414801e-21

3.4286153e-19
7.0638707e-19
1.4068436e-17
5.6254093e-18
1.0197668e-16
6.7687822e-19
1.9366736e-18
4.3426883e-17
5.8496281e-17
7.0163253e-17

2369.7561
763.69434
2397.7112
677.74176
1293.0555
327.02942
1435.955
5632.0786
340.68887
1103.5533

50.322975
12.84234
53.049755
19.053476
157.7758
188.10272
25.074347
4.0193415
21.851711
16.604437

4.4057584
19.105141
7.2175574
3.1585512
1.7847368
1.2826447
5.4405308
0.079290181
5.0209508
16.035221

258.95087
176.9725
660.75018
367.91183
605.47174
284.58011
722.8031
401.48535
151.38991
378.36206

3.8819878
5.5505252
2.50564
41.993042
1.9730335
2.2774417
5.3546133
0.29245809
4.9224052
1.1669896

37.126213
152.08707
238.77625
164.29932
89.787987
38.116577
32.239655
338.7963
144.54575
209.17776

2.4946411
0.70720357
0.31520158
1.1293137
0.26122105
0.085357018
2.6817265
2.9876034
0.0029540989
4.3710985

2.5882392
0.26195297
0.0038917956
2.0523126
0.051520709
13.355426
10.774804
2.6647924e-05
34.168465
0.80080485

5.5096617
1.7474393
9.9840889
2.3721027
0.0038908005
0.1907858
0.32706147
1.6403412
0.36133066
0.35102847

9.8288031
0.14077723
0.049368665
33.662483
0.025775163
17.699331
0.60985804
26.409174
0.50268078
1.5861197

4.1835713
5.6874065
4.8419557
5.7397227
1.6281674
7.1296792
6.6530976
5.9883995
3.9566526
11.348441

0.49223602
1.3477336
0.66196156
0.40726626
0.65654099
1.2760735
0.68627596
0.33486277
0.80096209
1.1070565

0.059763394
0.58384228
0.1178699
0.26416954
0.18005966
0.021348998
0.31036216
0.023682566
0.32028615
0.24234675

2.3190095
1.9528953
1.789162
2.9910009
1.5315713
2.8637676
2.6451669
1.876127
2.9955873
3.2013252

0.090379797
0.19195928
0.10355138
0.1188935
0.2706463
0.12363169
0.58623326
0.1688244
0.16135424
0.28132671

1.1885301
0.3154555
2.5860698
0.71580911
1.1479268
0.73155928
1.0642006
0.87801582
0.48029399
0.62372172

0.5617643
0.039728716
0.035062645
0.25160837
0.48151305
0.28974715
0.27896041
0.19795647
0.22498284
0.37813294

0.084952421
0.0024854678
0.26945814
0.67783099
0.38839942
1.3339612
0.16723283
0.10373389
0.25402951
0.00031559492

0.0029459437
0.086718187
0.67201877
0.20861235
0.097461224
0.91616076
0.13730204
0.70370489
0.48373538
0.54805022

0.081740662
0.029737104
0.77811241
0.49881926
0.26528698
0.070604049
0.13880439
0.092212118
0.52609795
0.085144572

1.2021134
1.0406371
3.5938649
2.7257919
2.0763557
1.0767404
1.3555059
2.489841
1.166932
1.9368954

0.35139418
0.1299618
0.10282581
0.3839334
0.27361673
0.29413626
0.60869139
0.57476968
0.064163886
0.21806669

0.053049646
0.0051651895
0.0078972578
0.0076886662
0.043492228
0.060683914
0.003721233
0.0080583096
0.012397125
0.075872988

0.41774914
0.31233907
0.45984349
0.52513045
0.56739068
0.51544064
0.55666852
0.76295161
0.61464536
0.38765633

0.0045138765
0.05578554
0.044161689
0.0057625202
0.032592416
0.0028096081
0.0011367765
0.0028558944
0.015921772
0.0034627211

0.010809815
0.096084848
0.19262034
0.17166695
0.08297424
0.19016737
0.17084321
0.11453935
0.070586734
0.060682565

0.00096802815
1.6446256e-07
0.0038911628
0.052635718
0.00012224312
0.081702217
0.0016975929
0.02345507
0.00097890384
0.057769075

0.0040774685
0.0013127543
0.016518274
0.02449009
0.008110092
0.0091720708
0.00022833065
0.0007376686
0.017138122
1.5441441e-07

0.061411023
0.12958585
0.0055038398
0.0054503651
0.0019724737
0.0054980153
0.0024080842
0.05946786
0.076310866
0.00089671428

0.097285978
0.045136478
0.050870489
0.0070331576
0.010573561
0.0015952053
0.005821832
0.11133607
0.027469378
0.015716398

7.4557324
8.2071687
6.8175183
6.0075236
7.6676617
8.4704114
7.7274152
6.2624446
9.6079303
8.0811587

3.1827823
3.8090716
2.3593016
3.019126
2.5544234
3.1659041
4.0105334
3.511735
3.7635756
2.9407302

2.0572959
1.7689868
2.2487803
3.3791896
2.2280627
2.0486117
2.2840949
1.8980533
2.2292376
2.110221

4.3624297
4.8460475
3.9627047
4.5773135
4.4491797
5.5359126
3.4371005
5.6388293
3.06594
6.0272265

2.5591212
2.4206038
1.9867469
2.9643851
2.6619044
1.7736083
2.1187125
1.8957854
2.5945617
1.8855658

3.0810843
3.3957129
2.3239146
3.1317569
2.8555308
2.2235518
2.609418
3.1639434
4.8669577
2.9663516

2.2402774
2.1216765
1.737115
3.5383654
3.066022
1.7619792
2.5987845
2.5222064
1.8472186
2.4737979

2.2352286
2.1539031
1.9982863
1.7872134
3.6416541
1.7658187
2.1681071
1.9629851
2.1735259
2.0013362

2.7022754
1.8997851
2.5128127
1.8619605
1.972518
2.8600512
1.8964053
1.8753787
2.2055941
2.0963794

1.7485972
1.8693553
2.065589
2.9161006
1.7800055
1.8924857
2.3100634
1.9867297
2.3745509
4.1087046

36.705414
23.396942
29.919556
26.421204
21.966156
41.543121
37.340027
34.679199
28.52417
25.551422

16.146698
16.56839
17.97113
8.9969177
10.479797
10.071655
11.094269
18.193604
25.265137
8.0856934

14.50296
7.7332764
10.748138
12.446716
9.7432556
8.6981201
6.3224487
4.8093262
5.9866333
6.9792175

24.564087
28.457184
27.908112
25.358368
23.297455
23.520081
25.962189
27.908417
20.18335
20.912079

22.843872
20.228241
23.246063
23.129852
22.471802
25.842529
27.418213
26.773926
26.464966
25.615204

23.397308
15.993408
18.288086
14.339844
31.346497
18.929901
13.827057
16.973999
18.584167
17.44696

16.645569
22.57608
15.831482
17.999939
18.787964
19.341797
13.726959
17.881775
17.02774
25.827209

2.2938232
1.5451355
0.1237793
0.07119751
0.89215088
1.0113525
0.15692139
3.5502319
2.5476074
1.0473022

1.2609863
3.2084045
0.99853516
5.1246033
0.016296387
1.031189
1.5361938
0.30636597
0.55545044
0.75338745

9.073761
10.996033
8.7928162
10.103333
7.942749
11.116028
9.9801636
11.303741
10.968689
12.481018

16.140241
7.7888556
3.4417649
1.3814555
0.50771832
0.85442264
5.57168
4.5942387
7.0849801
2.1352334

1.3026877
0.13577021
0.036177147
0.025189043
0.0027886722
0.13097242
0.18357982
0.046205277
0.036156133
0.030117065

0.017132217
0.0055721172
0.0070164548
0.026386231
0.01298775
0.45524279
0.024039053
0.0076793509
0.0045941895
0.014415474

1.3797296
0.43798596
0.079420985
0.1975556
1.2702254
0.36795518
0.21044352
1.2801271
0.12766261
0.53189477

0.005624382
0.35490295
0.15205915
0.21826727
0.0039566878
0.0041561769
0.20131382
0.30129642
0.0037771569
0.11027043

0.2690783
0.015377261
0.029761424
0.43801901
0.25818585
0.19176987
0.047804555
0.089303594
0.09329866
0.02971575

0.10565973
0.061060147
0.032585113
0.012518379
0.0021641274
0.031667785
0.0035662164
0.0043197987
0.0033649774
0.012269774

0.026616471
0.027435723
0.16835782
0.64937566
0.011488838
0.12762703
0.078043897
0.030047242
0.067958564
0.028178791

0.08541851
0.013224245
0.0089195015
0.026109256
0.065990521
0.11442898
0.092759085
0.0063352832
0.0086189368
0.065856775

0.0083825213
0.010296535
0.15451284
0.017561714
0.037821441
0.0099391544
0.032463883
0.011819322
0.010149616
0.14038549

5.5027122
11.278033
7.6415658
4.5270448
7.2715607
17.101526
6.4966087
3.7588434
11.440523
4.4487476

1.2674365
1.7932289
1.1054738
2.0567155
1.6138225
3.036447
1.9342618
1.3782772
1.8550742
2.3928504

0.6476602
1.7549889
0.41545415
0.70726031
1.4309064
0.83872402
0.18216056
0.59980279
0.31856209
0.58586109

2.725462
2.2118666
2.2614355
2.4404125
1.2912683
4.8831825
2.9074359
3.5653753
5.2561679
2.8251984

0.24896455
1.2698692
0.54846847
1.1028401
0.8498348
1.011795
0.52231038
0.17885226
0.63377404
0.88953543

1.1624389
1.0762093
1.2832608
1.9203918
1.1668602
0.9273681
1.4211924
1.1322567
1.3735914
1.1811531

0.49930072
0.12774807
0.14826047
0.3260681
0.87529862
0.085787177
0.6402818
0.29630661
0.37507111
0.2448402

0.13604271
2.3411546
0.30259264
0.26379037
0.1260922
0.69099033
1.3314142
0.97414911
0.20810664
0.29181778

0.021648109
0.22861153
0.2071889
0.095295846
0.12017179
0.48227662
0.097950161
0.75724351
0.35032868
0.30057073

0.42976016
0.33511591
0.75128305
0.015124202
0.16574019
0.71038938
0.11171561
0.051752508
0.56586343
0.71884614

10.569098
12.408895
13.790234
13.332028
11.981782
14.533875
10.463425
10.922862
12.982924
11.245141

11.318733
11.032793
10.092046
11.227557
10.694418
12.78913
10.660941
11.185095
10.621017
10.54598

9.5483217
11.264135
11.208145
11.263905
11.631713
9.4008961
10.61591
11.49005
10.368168
9.5030727

9.6462431
10.860599
10.439145
11.178338
10.807058
9.594923
9.5658598
9.1108437
10.062216
9.6596498

10.70224
10.35916
10.672184
11.400225
8.8297281
10.570381
10.12312
11.679685
10.972518
10.130407

8.9593096
9.031868
7.9936395
8.1885853
9.0813169
8.6869135
9.0252037
7.8802633
8.8409033
8.6437683

9.1286087
6.9998221
9.1392727
8.7989025
9.2992315
8.7078457
8.5102501
8.4994001
9.1874256
8.801959

10.301291
9.9023905
10.328493
10.164836
9.604044
9.8361006
9.7744198
9.5067577
9.3279085
10.327441

10.477441
10.565507
9.7627068
10.513118
11.123705
10.734666
10.390106
9.9581919
9.8004694
11.162887

11.057999
10.120948
9.4104404
10.907129
9.819272
10.365779
10.550856
11.027857
9.7819195
10.599414

