752.64581
816.77002
444.9259
499.08356
573.53131
507.81894
568.7702
707.36627
719.82733
482.20227

282.3562
302.55316
182.31544
218.83719
205.28702
311.55658
168.79924
307.75
232.04741
191.85876

125.46503
79.153419
93.833946
49.076145
32.55769
37.79105
126.18221
72.566849
73.911659
13.998775

79.229881
142.95592
104.50512
66.73204
93.554054
102.9185
78.3601
105.20398
64.710587
42.766575

13.891346
18.128111
15.126271
13.135578
21.675016
26.123337
10.787614
12.36855
22.445171
18.069609

57.356552
57.56501
90.777489
26.279383
43.06205
30.344521
36.833305
38.870674
57.682419
39.827065

26.518908
15.229853
16.604053
22.072617
16.658295
17.964821
28.750952
7.5839405
17.648281
8.5724878

0.040821142
0.038546372
0.82830346
0.63137573
21.645052
0.60630578
4.1215897
0.44355145
1.0077296
1.0960538

3.1903853e-38
2.1073497e-38
1.9156517e-38
0.026080003
1.9453526e-39
4.1334261e-38
1.9984307e-38
8.0029893e-39
2.2907591e-38
1.3331565e-38

1.4758449e-22
2.8369261e-22
2.7106346e-22
1.2751897e-22
7.2079256e-23
8.4936729e-23
7.4523834e-22
7.421096e-23
2.3083885e-22
1.4130595e-22

0.00011073664
0.0013408606
0.0034093659
0.00038658202
0.0013780994
0.00067216298
0.020110907
0.0025126855
0.0026822558
0.00021106208

4.49951e-05
7.5537151e-05
1.4513675e-05
0.00010980444
0.0010307393
2.0014413e-06
7.0979524e-07
1.034974e-05
4.1293431e-05
0.00016857871

2.2206782e-06
1.1470284e-07
3.1391366e-08
2.2036654e-06
1.4173447e-07
1.5564889e-07
1.1863495e-08
1.2888687e-08
2.5917157e-07
1.7887282e-07

1.392165e-06
6.1067105e-08
1.4949745e-06
1.0959884e-06
5.4008437e-06
5.5512243e-07
2.05074e-08
5.6134814e-07
7.7515253e-08
4.6926363e-08

1.7423314e-08
5.7518214e-08
2.4180741e-07
9.4196284e-10
5.9228126e-12
9.6025019e-08
8.4631893e-08
1.6363944e-07
4.1684628e-11
5.3054247e-08

4.3254113e-06
3.310886e-09
2.5357442e-06
8.7220661e-07
3.1163606e-11
5.5090538e-08
1.8577303e-08
2.8926252e-08
1.3062757e-07
1.183283e-07

8.9764883e-11
3.1298895e-09
1.7902093e-11
1.6836645e-09
1.6021291e-12
2.2941284e-09
1.1469534e-10
8.9735955e-13
8.8460989e-11
2.0793345e-12

1.059805e-08
1.7780347e-05
1.3844491e-06
1.0495399e-07
0.00010462821
4.198889e-10
8.4005203e-09
8.9615014e-08
1.6709564e-08
4.2642193e-10

3.0514776e-08
2.2565799e-16
1.7816029e-12
2.8273997e-14
2.0571028e-12
1.0193953e-18
3.0957168e-13
7.3329975e-18
4.9092465e-20
6.2160672e-14

0
1.7312745e-38
4.3913471e-40
3.825801e-26
3.657389e-43
0
1.6934318e-19
5.9383293e-29
2.4058965e-17
1.4012985e-45

101863.57
82049.102
100196.91
108605.73
86016.375
66942.734
77576.953
97688.383
143240.44
115610.59

31797.338
33277.949
18595.445
44341.43
37355.504
46928.195
39142.855
43837.559
42366.082
16223.249

15568.331
8037.998
5257.0967
5031.3442
5428.1475
19096.703
9353.2598
2888.7651
3985.7781
6741.8149

13094.993
18629.199
15016.386
7434.1392
15965.248
19740.793
12377.425
20953.174
17994.16
16583.781

12453.519
2657.207
5030.626
3652.9639
1816.4855
2686.4658
3476.5261
6940.7773
2167.3535
4883.5767

6408.3589
7476.6011
5774.271
6973.5078
10394.896
5333.3735
9681.0234
4136.2393
7838.2046
11263.527

1444.0823
2420.679
1043.1588
2145.4302
1640.4124
1219.3612
931.48053
1628.4641
1714.1521
1949.8528

410.12033
101.97195
71.339508
0.21438052
48.748333
31.359398
4.0950451
10.858324
509.45966
0.39260215

2.767352e-36
5.0349862e-36
0.0003890591
1.1886641e-35
1.0664145e-36
1.1355909e-36
9.6396219e-35
2.4259188e-36
1.1366557e-35
6.4116381e-35

2.4330442e-20
6.8875265e-20
6.073195e-20
7.2887884e-21
2.206012e-20
1.5514462e-20
8.9373776e-20
8.3458566e-21
4.1573395e-21
4.4434466e-20

69.807358
74.765274
64.29882
66.744751
49.260958
90.98555
73.334602
78.429504
67.134247
31.420174

32.485935
34.899246
74.58284
39.269928
37.143425
20.565619
37.863857
47.739552
41.559181
35.284454

9.1968288
6.2619386
18.68084
15.311334
24.060579
14.268492
7.092783
20.024723
42.376614
17.781773

19.851009
16.61611
17.40427
15.246325
24.8517
15.664482
17.959288
21.904909
19.021709
16.577351

7.6052628
7.3902745
7.2598481
3.9225497
6.5174022
7.9604836
6.4984379
5.9207664
7.3759727
5.2811961

12.886584
13.769611
10.786745
16.728218
11.87993
18.024471
14.032449
11.142179
15.415074
12.080659

5.2690372
3.2077801
4.0480542
5.6873908
3.4535666
3.5955045
2.8205473
2.7969205
1.8243544
3.2321861

0.01478476
0.0020183113
1.3923793e-05
1.8747282e-05
0.057877604
0.0094918944
0.0019172379
0.017223006
0.078147963
3.1254323e-05

2.168515e-20
9.0963727e-21
1.1860602e-20
2.3531746e-20
4.8723592e-21
2.6923942e-20
2.4786553e-20
5.1738192e-20
2.6962212e-20
2.6852449e-20

3.8969127e-11
4.1672277e-11
4.6550958e-11
2.5211198e-11
4.0269781e-11
4.9445382e-11
6.5357983e-11
8.7380707e-11
1.134022e-10
1.7446909e-10

39.22147
42.489758
42.681187
49.435345
56.627148
52.020794
43.66391
44.653702
51.167
23.706476

10.381892
19.795855
23.970299
11.869324
10.095766
16.598625
15.641731
9.5776596
28.134968
14.013622

9.2463694
2.6891418
10.118784
1.4459987
1.4668782
3.540225
2.0359008
4.3386316
4.2652206
3.0849938

5.1967678
4.7369728
4.2464266
12.520884
12.293725
5.7930965
4.703743
6.633604
8.9342871
6.3018303

3.3805482
0.7279433
2.1051395
0.66188169
1.3423077
1.3413137
1.0990024
1.8825266
1.0564942
2.0893347

3.4592178
2.9328449
4.0371304
3.2299242
3.2782452
4.8376021
3.6325629
3.2841256
3.424253
3.0640056

0.55487776
0.8601746
0.55601162
1.0098928
0.90297157
0.75012654
0.63621736
0.64268374
0.94525141
0.94678622

0.0017293271
0.066272169
0.001072299
0.00096125231
0.04628082
0.0014516909
0.086055592
0.25826821
1.212837
0.00083036104

3.9832588e-37
3.993723e-39
1.2370116e-39
9.0014285e-39
1.1020288e-39
7.4647169e-40
1.4162697e-38
4.7022392e-40
1.3056466e-09
9.2728263e-40

9.2328478e-24
5.0934808e-24
2.1017074e-23
6.2419696e-24
3.9620141e-23
2.0492055e-23
1.0716393e-23
1.2199286e-23
1.9469082e-23
1.0706767e-23

16.203689
16.634669
17.410023
15.053437
17.616218
18.208909
18.841729
17.353715
16.624806
16.543081

11.588134
12.883907
13.647116
13.108286
14.124606
13.578435
15.080461
11.244534
13.80683
10.886572

7.2694684
9.5666772
7.5679198
7.3256713
5.4315978
5.8015929
9.7095071
11.034611
5.739915
6.8389302

9.5520059
9.4736596
9.2898064
9.477892
10.277925
10.661203
11.040009
10.705515
10.160514
10.705544

5.9282618
6.4375659
6.8908778
7.543953
4.5480777
5.4571448
5.1651069
6.5036326
5.2241679
5.6962539

8.986476
9.5153695
8.5243388
9.1996127
7.8726312
8.4731723
7.9999781
8.0564462
6.63931
6.5139743

5.0765849
5.9367457
6.4075557
4.0140487
5.4205886
4.8040686
6.164281
4.705968
4.5341426
4.8581267

3.9465896
1.9166022
5.4025851
5.0044375
2.0260573
6.6828013
2.4507743
2.4785548
2.5730945
2.0292159

1.7182837
1.7182837
1.7182856
1.7182837
1.7182837
1.7182837
1.7182856
1.7182837
1.7182837
1.7182837

1.7182856
1.7182837
1.7182837
1.7182837
1.7182837
1.7182837
1.7182837
1.7182856
1.7182837
1.7182837

195.80951
184.41431
171.36853
194.76154
229.11111
133.45227
189.84882
248.43121
213.252
167.77438

114.04683
124.70348
140.88849
94.984436
105.69414
95.38028
90.159164
164.71457
98.401947
100.90614

94.425797
73.984085
99.54834
63.833466
66.629028
75.600723
71.36879
94.583008
79.073273
76.034866

35.997955
41.577209
23.662537
33.27359
43.029602
28.763245
60.547729
31.152679
35.954773
29.589111

126.09656
136.56177
124.52289
142.58821
143.12987
154.9411
131.26373
115.96996
131.28641
120.46959

16.881592
96.402664
55.200668
110.49263
54.546188
78.632401
80.391281
58.839142
76.59903
96.656143

138.42033
102.81195
125.54872
130.07639
142.332
137.46564
129.3398
131.98259
133.59935
137.58783

17.312439
9.0286865
14.235535
16.854156
11.336212
8.9576721
11.16037
11.101868
9.9752502
6.5055542

154.58813
157.23164
163.96655
161.28381
156.60773
165.00719
142.72957
135.65088
168.04161
151.79286

165.41373
179.43509
183.14536
179.90001
162.23358
162.04828
187.50525
201.51685
182.28067
176.98758

106.46744
223.69603
335.4249
134.12287
207.20037
215.52669
222.96977
204.13698
255.54897
158.08866

27.791868
144.23423
136.23683
110.5525
131.25006
107.11021
123.32717
97.304391
79.919145
142.84683

13.188485
132.99065
58.504852
24.941766
31.387345
31.239206
50.104581
23.66931
29.265611
29.390716

40.680111
46.424726
84.088397
49.102634
62.540943
82.57763
178.03411
118.83639
169.64791
141.30114

13.940872
42.409043
20.925283
17.23524
6.0971656
4.7400757
26.707571
12.66531
35.117617
6.8947588

40.931481
100.59054
65.399164
57.94379
82.366718
57.850554
85.624241
38.139897
59.94587
72.972643

19.514162
9.6540051
20.518334
7.5799736
5.452249
28.917484
18.674774
20.00194
19.512714
13.478168

0.56843196
0.10976012
6.5611149
0.03246938
0.79290407
0.069780608
0.93942657
0.10526714
1.2848461
1.2441999

1.7440553e-34
1.5599716e-34
3.7129976e-34
5.79719e-35
9.3687047e-35
8.2578169e-16
9.7796446e-35
9.26589e-35
5.7588285e-35
1.2802885e-28

1.1854587e-19
3.9291175e-20
5.5237483e-20
2.9982129e-20
9.570234e-20
7.7658386e-20
1.312996e-18
6.8627533e-21
8.2746753e-19
4.4760185e-20

189.03351
174.75525
179.36041
139.248
188.02448
93.760323
151.76225
195.22765
167.90135
125.36009

53.913177
33.386333
45.038441
53.52457
36.065971
68.532288
49.254719
57.29147
64.912766
57.332104

9.1426439
15.060936
7.2879486
17.746332
26.234812
4.3402939
9.9200697
14.999337
23.303988
9.4131489

20.556469
17.760942
32.329887
14.469931
32.307808
20.598242
14.590839
20.799749
17.808435
13.439939

8.2830839
7.8486204
4.9609728
8.7653599
14.472306
12.560846
5.4157667
7.4365373
8.0385017
5.2346625

15.769449
13.35605
12.666968
10.429046
15.070305
13.211856
18.288967
16.026239
18.607168
10.9134

4.1334229
8.9350023
3.347265
2.4375782
2.8365448
5.2888985
3.8740904
2.9514773
4.2054095
2.61585

2.7895317
1.423758
0.63710982
1.5994265
1.063678
2.8434906
1.0560465
0.29702914
2.0560634
0.81139612

0
0.014772356
0.014772356
0
0.0098572373
0
0
0
0.0098572373
0

0
0
0
0
0
0
0.0073959827
0
0
0

19.035078
22.594193
26.964512
18.2493
24.154636
22.954494
17.195198
18.258547
21.172888
21.295321

15.177207
15.424257
19.635429
16.566452
12.561537
13.189199
15.285302
13.564401
17.562622
14.937231

12.264479
9.8020754
12.553893
12.620302
13.384981
9.658205
11.401057
11.199548
11.050242
15.263187

10.150233
9.1488352
10.340472
9.8548174
8.8602533
10.917488
8.8826418
8.5532217
9.131135
10.92302

11.882419
10.481414
11.10255
11.509873
12.133602
10.672276
8.3278341
11.715998
9.6659813
11.620697

8.8265896
8.6383791
8.7670059
7.8495669
8.6985102
8.9206152
8.2552013
8.1986427
8.1536417
8.1776562

8.8429823
8.4589214
8.2205229
8.405468
8.5552998
8.7862959
8.9755116
8.3165026
7.4333673
7.9253964

9.2019672
8.8929291
9.4996901
9.2348509
9.0383358
9.090826
8.7630711
9.0908947
9.3604679
8.2506962

10.08999
9.595727
9.3113508
10.049506
9.3057899
8.6741371
9.6219053
9.2286835
9.786932
9.7745333

9.3962841
10.148798
10.344945
10.250492
9.7006254
8.5961676
9.8209257
9.2271299
10.533813
10.310178

